1.00000  -1.99717  6381.94  0.999279  1597.70 0.0231972  0.00155493
1.02000  -1.99666  6378.67  0.999146  1597.27 0.0265072  0.00182918
1.04000  -1.99610  6375.09  0.999001  1596.81 0.0298474  0.00211224
1.06000  -1.99547  6371.07  0.998838  1596.29 0.0332631  0.00241587
1.08000  -1.99478  6366.66  0.998659  1595.71 0.0370593  0.00275506
1.10000  -1.99397  6361.53  0.998448  1595.04 0.0416608  0.00318021
1.12000  -1.99308  6355.87  0.998215  1594.30 0.0460087  0.00361360
1.14000  -1.99213  6349.78  0.997962  1593.49 0.0510569  0.00413085
1.16000  -1.99108  6343.10  0.997685  1592.61 0.0558941  0.00463505
1.18000  -1.98991  6335.67  0.997376  1591.62 0.0614057  0.00523041
1.20000  -1.98861  6327.38  0.997029  1590.51 0.0670551  0.00585985
1.22000  -1.98720  6318.44  0.996651  1589.31 0.0731039  0.00657968
1.24000  -1.98566  6308.69  0.996238  1587.99 0.0798660  0.00739075
1.26000  -1.98403  6298.33  0.995797  1586.59 0.0860088  0.00817738
1.28000  -1.98224  6286.98  0.995311  1585.04 0.0931225  0.00911900
1.30000  -1.98027  6274.51  0.994774  1583.33 0.101042  0.0101613
1.32000  -1.97813  6261.01  0.994188  1581.47 0.108933  0.0112990
1.34000  -1.97587  6246.72  0.993566  1579.49 0.117187  0.0124689
1.36000  -1.97353  6231.93  0.992914  1577.42 0.125288  0.0137429
1.38000  -1.97085  6215.08  0.992164  1575.04 0.134281  0.0152285
1.40000  -1.96811  6197.81  0.991393  1572.60 0.143800  0.0167780
1.42000  -1.96508  6178.76  0.990532  1569.87 0.154191  0.0185668
1.44000  -1.96195  6159.15  0.989645  1567.06 0.164317  0.0204128
1.46000  -1.95858  6138.00  0.988671  1563.99 0.174641  0.0223925
1.48000  -1.95494  6115.29  0.987615  1560.65 0.185166  0.0245717
1.50000  -1.95108  6091.18  0.986489  1557.10 0.197716  0.0272209
1.52000  -1.94704  6066.02  0.985298  1553.35 0.209828  0.0298283
1.54000  -1.94267  6038.90  0.984005  1549.28 0.220746  0.0324389
1.56000  -1.93813  6010.72  0.982635  1544.97 0.234707  0.0358266
1.58000  -1.93343  5981.65  0.981222  1540.54 0.246671  0.0388350
1.60000  -1.92824  5949.62  0.979615  1535.50 0.261891  0.0430481
1.62000  -1.92282  5916.30  0.977944  1530.28 0.277540  0.0475192
1.64000  -1.91719  5881.80  0.976176  1524.76 0.292247  0.0521346
1.66000  -1.91115  5844.82  0.974277  1518.84 0.307762  0.0570254
1.68000  -1.90477  5805.98  0.972226  1512.46 0.326090  0.0630349
1.70000  -1.89825  5766.35  0.970109  1505.90 0.341169  0.0689280
1.72000  -1.89113  5723.28  0.967748  1498.59 0.362794  0.0771230
1.74000  -1.88375  5678.75  0.965279  1490.97 0.378576  0.0840783
1.76000  -1.87601  5632.28  0.962667  1482.93 0.398008  0.0925986
1.78000  -1.86797  5584.24  0.959879  1474.37 0.417803  0.103306
1.80000  -1.85926  5532.39  0.956832  1465.05 0.438231  0.113951
1.82000  -1.85039  5479.83  0.953678  1455.43 0.462892  0.126598
1.84000  -1.84090  5423.88  0.950182  1444.81 0.484878  0.141590
1.86000  -1.83097  5365.67  0.946524  1433.75 0.507899  0.158632
1.88000  -1.82035  5303.76  0.942448  1421.47 0.535223  0.179463
1.90000  -1.80941  5240.38  0.938272  1408.94 0.560503  0.196900
1.92000  -1.79806  5175.02  0.933776  1395.53 0.589315  0.222601
1.94000  -1.78564  5103.94  0.928629  1380.27 0.624244  0.259464
1.96000  -1.77289  5031.53  0.923261  1364.44 0.655625  0.295010
1.98000  -1.75974  4957.40  0.917702  1348.12 0.686963  0.323764
2.00000  -1.74558  4878.16  0.911427  1329.88 0.727523  0.380969
2.02000  -1.73100  4797.29  0.904605  1310.20 0.762959  0.448964
2.04000  -1.71496  4709.07  0.896882  1288.10 0.807286  0.520994
2.06000  -1.69882  4621.17  0.888749  1265.07 0.842173  0.615335
2.08000  -1.68119  4526.09  0.879580  1239.42 0.896360  0.749866
2.10000  -1.66238  4425.84  0.869044  1210.29 0.963246  0.907379
2.12000  -1.64285  4322.94  0.857485  1178.92 1.02975  1.16571
2.14000  -1.62161  4212.36  0.844300  1143.71 1.08976  1.47514
2.16000  -1.59680  4085.31  0.824690  1094.15 1.21694  2.76201
2.18000  -1.57247  3962.54  0.805221  1046.66 1.32472  4.24403
2.20000  -1.54435  3823.15  0.778619  984.411 1.47290  6.55273
2.22000  -1.51756  3692.56  0.755766  929.294 1.57919  6.93812
2.24000  -1.48439  3534.14  0.718001  849.148 1.72741  10.8510
2.26000  -1.45098  3378.01  0.674587  762.128 1.84980  15.0527
2.28000  -1.40728  3179.21  0.597288  627.608 2.01799  24.9136
2.30000  -1.36914  3009.98  0.533907  521.625 2.02371  28.4936
2.32000  -1.33071  2843.23  0.463943  413.243 1.85532  29.6785
2.34000  -1.29359  2686.75  0.392541  315.667 1.71066  29.5408
2.36000  -1.26226  2557.85  0.339626  247.412 1.53655  26.6351
2.38000  -1.23291  2439.69  0.292515  190.039 1.33601  22.3258
