1.00000  -1.99719  1595.53  0.999283  399.428 0.0230302  0.00155245
1.02000  -1.99668  1594.72  0.999150  399.322 0.0264279  0.00183099
1.04000  -1.99613  1593.85  0.999009  399.209 0.0296058  0.00209949
1.06000  -1.99545  1592.77  0.998834  399.070 0.0336313  0.00243906
1.08000  -1.99478  1591.70  0.998657  398.929 0.0373683  0.00279256
1.10000  -1.99399  1590.45  0.998452  398.766 0.0413896  0.00317317
1.12000  -1.99311  1589.05  0.998220  398.582 0.0459271  0.00362253
1.14000  -1.99210  1587.46  0.997956  398.371 0.0508297  0.00410629
1.16000  -1.99099  1585.70  0.997662  398.138 0.0562528  0.00467461
1.18000  -1.98989  1583.95  0.997370  397.905 0.0617959  0.00526999
1.20000  -1.98857  1581.87  0.997018  397.625 0.0674480  0.00592428
1.22000  -1.98729  1579.83  0.996680  397.356 0.0726659  0.00649385
1.24000  -1.98565  1577.25  0.996234  397.002 0.0799442  0.00741342
1.26000  -1.98408  1574.77  0.995808  396.664 0.0863648  0.00823668
1.28000  -1.98232  1571.98  0.995334  396.288 0.0929961  0.00906279
1.30000  -1.98027  1568.75  0.994776  395.845 0.100504  0.0100907
1.32000  -1.97815  1565.41  0.994190  395.381 0.108993  0.0113136
1.34000  -1.97589  1561.86  0.993564  394.884 0.116754  0.0125065
1.36000  -1.97359  1558.25  0.992931  394.384 0.125465  0.0137902
1.38000  -1.97091  1554.06  0.992184  393.792 0.134735  0.0152333
1.40000  -1.96807  1549.60  0.991383  393.160 0.143709  0.0167365
1.42000  -1.96509  1544.94  0.990543  392.496 0.153559  0.0184620
1.44000  -1.96205  1540.20  0.989680  391.816 0.163239  0.0202394
1.46000  -1.95856  1534.76  0.988671  391.021 0.174921  0.0224133
1.48000  -1.95494  1529.12  0.987607  390.184 0.185834  0.0247444
1.50000  -1.95103  1523.05  0.986471  389.291 0.198386  0.0272961
1.52000  -1.94719  1517.11  0.985348  388.409 0.208036  0.0294579
1.54000  -1.94283  1510.36  0.984042  387.386 0.222206  0.0326886
1.56000  -1.93809  1503.05  0.982617  386.271 0.235865  0.0361237
1.58000  -1.93335  1495.75  0.981176  385.145 0.249252  0.0395639
1.60000  -1.92834  1488.07  0.979647  383.952 0.261626  0.0431379
1.62000  -1.92283  1479.63  0.977947  382.630 0.277780  0.0475932
1.64000  -1.91719  1471.02  0.976201  381.272 0.291088  0.0514487
1.66000  -1.91108  1461.74  0.974219  379.737 0.308666  0.0579227
1.68000  -1.90441  1451.63  0.972064  378.071 0.328384  0.0643925
1.70000  -1.89844  1442.62  0.970188  376.623 0.341597  0.0686792
1.72000  -1.89127  1431.82  0.967807  374.790 0.357754  0.0756175
1.74000  -1.88388  1420.75  0.965305  372.872 0.377758  0.0844120
1.76000  -1.87598  1408.95  0.962668  370.854 0.394669  0.0921594
1.78000  -1.86789  1396.93  0.959893  368.739 0.417451  0.101528
1.80000  -1.85980  1384.96  0.957054  366.584 0.438602  0.112701
1.82000  -1.85050  1371.27  0.953707  364.051 0.463436  0.125480
1.84000  -1.84072  1356.94  0.950170  361.387 0.484130  0.140200
1.86000  -1.83094  1342.69  0.946535  358.662 0.506203  0.155834
1.88000  -1.81995  1326.79  0.942330  355.531 0.536397  0.178823
1.90000  -1.80928  1311.43  0.938216  352.476 0.564984  0.198186
1.92000  -1.79865  1296.22  0.934104  349.435 0.584811  0.216061
1.94000  -1.78580  1277.98  0.928703  345.490 0.624511  0.254733
1.96000  -1.77289  1259.77  0.923528  341.709 0.654434  0.279355
1.98000  -1.76041  1242.29  0.918142  337.832 0.683599  0.322141
2.00000  -1.74573  1221.97  0.911316  332.988 0.734654  0.394757
2.02000  -1.73081  1201.40  0.904625  328.224 0.763872  0.438285
2.04000  -1.71514  1180.02  0.896871  322.835 0.804310  0.531250
2.06000  -1.69766  1156.49  0.887721  316.653 0.863908  0.696076
2.08000  -1.68120  1134.45  0.879781  311.096 0.895692  0.716296
2.10000  -1.66289  1110.27  0.869974  304.546 0.950500  0.858985
2.12000  -1.64237  1083.54  0.857423  296.583 1.02296  1.18542
2.14000  -1.62127  1056.38  0.843881  288.076 1.08518  1.50556
2.16000  -1.59910  1028.26  0.829049  278.881 1.15968  1.82947
2.18000  -1.57492  998.065  0.811165  268.370 1.24350  2.37341
2.20000  -1.55100  968.632  0.793586  258.143 1.32138  2.83247
2.22000  -1.51817  929.108  0.761782  241.396 1.45576  4.17634
2.24000  -1.49216  898.200  0.740144  229.815 1.51037  4.77221
2.26000  -1.46067  861.463  0.709396  213.926 1.57417  5.58819
2.28000  -1.42780  823.989  0.675422  197.508 1.64426  6.59236
2.30000  -1.39337  785.391  0.636604  179.600 1.66420  7.60611
2.32000  -1.35951  748.249  0.598478  162.416 1.66212  8.25227
2.34000  -1.32780  714.142  0.558792  145.716 1.62875  8.89620
2.36000  -1.29513  679.720  0.522352  130.378 1.57559  8.99909
2.38000  -1.26860  652.233  0.494943  119.162 1.49890  8.89671
