 Sun (10)  5.26285e-11 0.000150797
 Earth (399)  0.999982 0.00607412
 Sun (10)  2.23496e-10 0.000150797
 Earth (399)  0.999926 0.0123571
 Sun (10)  5.1279e-10 0.000150797
 Earth (399)  0.999829 0.0186396
 Sun (10)  9.20499e-10 0.000150797
 Earth (399)  0.999693 0.0249213
 Sun (10)  1.44661e-09 0.000150797
 Earth (399)  0.999518 0.0312021
 Sun (10)  2.09109e-09 0.000150797
 Earth (399)  0.999303 0.0374816
 Sun (10)  2.85393e-09 0.000150797
 Earth (399)  0.999049 0.0437597
 Sun (10)  3.73509e-09 0.000150797
 Earth (399)  0.998755 0.050036
 Sun (10)  4.73454e-09 0.000150797
 Earth (399)  0.998422 0.0563104
 Sun (10)  5.85224e-09 0.000150797
 Earth (399)  0.998049 0.0625826
 Sun (10)  7.08814e-09 0.000150797
 Earth (399)  0.997637 0.0688523
 Sun (10)  8.4422e-09 0.000150797
 Earth (399)  0.997186 0.0751192
 Sun (10)  9.91436e-09 0.000150797
 Earth (399)  0.996695 0.0813833
 Sun (10)  1.15046e-08 0.000150797
 Earth (399)  0.996165 0.0876441
 Sun (10)  1.32127e-08 0.000150797
 Earth (399)  0.995596 0.0939015
 Sun (10)  1.50388e-08 0.000150798
 Earth (399)  0.994987 0.100155
 Sun (10)  1.69828e-08 0.000150798
 Earth (399)  0.994339 0.106405
 Sun (10)  1.90445e-08 0.000150798
 Earth (399)  0.993652 0.11265
 Sun (10)  2.12239e-08 0.000150798
 Earth (399)  0.992925 0.118891
 Sun (10)  2.35209e-08 0.000150798
 Earth (399)  0.99216 0.125128
 Sun (10)  2.59353e-08 0.000150798
 Earth (399)  0.991355 0.131359
 Sun (10)  2.84672e-08 0.000150798
 Earth (399)  0.990511 0.137586
 Sun (10)  3.11165e-08 0.000150799
 Earth (399)  0.989628 0.143806
 Sun (10)  3.38829e-08 0.000150799
 Earth (399)  0.988706 0.150022
 Sun (10)  3.67664e-08 0.000150799
 Earth (399)  0.987745 0.156231
 Sun (10)  3.97669e-08 0.000150799
 Earth (399)  0.986744 0.162434
 Sun (10)  4.28843e-08 0.000150799
 Earth (399)  0.985705 0.168631
 Sun (10)  4.61184e-08 0.0001508
 Earth (399)  0.984627 0.174821
 Sun (10)  4.94691e-08 0.0001508
 Earth (399)  0.98351 0.181004
 Sun (10)  5.29363e-08 0.0001508
 Earth (399)  0.982355 0.18718
 Sun (10)  5.65199e-08 0.000150801
 Earth (399)  0.98116 0.193348
 Sun (10)  6.02196e-08 0.000150801
 Earth (399)  0.979927 0.199509
 Sun (10)  6.40354e-08 0.000150801
 Earth (399)  0.978655 0.205663
 Sun (10)  6.79672e-08 0.000150802
 Earth (399)  0.977344 0.211808
 Sun (10)  7.20146e-08 0.000150802
 Earth (399)  0.975995 0.217944
 Sun (10)  7.61777e-08 0.000150803
 Earth (399)  0.974607 0.224072
 Sun (10)  8.04562e-08 0.000150803
 Earth (399)  0.973181 0.230192
 Sun (10)  8.48499e-08 0.000150804
 Earth (399)  0.971717 0.236302
 Sun (10)  8.93588e-08 0.000150804
 Earth (399)  0.970214 0.242402
 Sun (10)  9.39825e-08 0.000150805
 Earth (399)  0.968672 0.248494
 Sun (10)  9.8721e-08 0.000150806
 Earth (399)  0.967093 0.254575
 Sun (10)  1.03574e-07 0.000150806
 Earth (399)  0.965475 0.260647
 Sun (10)  1.08541e-07 0.000150807
 Earth (399)  0.96382 0.266708
 Sun (10)  1.13623e-07 0.000150808
 Earth (399)  0.962126 0.272758
 Sun (10)  1.18818e-07 0.000150808
 Earth (399)  0.960394 0.278798
 Sun (10)  1.24127e-07 0.000150809
 Earth (399)  0.958624 0.284827
 Sun (10)  1.2955e-07 0.00015081
 Earth (399)  0.956817 0.290845
 Sun (10)  1.35086e-07 0.000150811
 Earth (399)  0.954971 0.296851
 Sun (10)  1.40735e-07 0.000150812
 Earth (399)  0.953088 0.302845
 Sun (10)  1.46497e-07 0.000150812
 Earth (399)  0.951168 0.308828
 Sun (10)  1.52372e-07 0.000150813
 Earth (399)  0.949209 0.314798
 Sun (10)  1.58359e-07 0.000150814
 Earth (399)  0.947214 0.320756
 Sun (10)  1.64459e-07 0.000150815
 Earth (399)  0.94518 0.326701
 Sun (10)  1.7067e-07 0.000150816
 Earth (399)  0.94311 0.332633
 Sun (10)  1.76993e-07 0.000150818
 Earth (399)  0.941002 0.338552
 Sun (10)  1.83427e-07 0.000150819
 Earth (399)  0.938858 0.344458
 Sun (10)  1.89973e-07 0.00015082
 Earth (399)  0.936676 0.35035
 Sun (10)  1.96629e-07 0.000150821
 Earth (399)  0.934457 0.356229
 Sun (10)  2.03396e-07 0.000150822
 Earth (399)  0.932201 0.362093
 Sun (10)  2.10274e-07 0.000150824
 Earth (399)  0.929909 0.367943
 Sun (10)  2.17262e-07 0.000150825
 Earth (399)  0.927579 0.373779
 Sun (10)  2.24359e-07 0.000150826
 Earth (399)  0.925214 0.379599
 Sun (10)  2.31566e-07 0.000150828
 Earth (399)  0.922811 0.385405
 Sun (10)  2.38883e-07 0.000150829
 Earth (399)  0.920372 0.391196
 Sun (10)  2.46308e-07 0.000150831
 Earth (399)  0.917897 0.396971
 Sun (10)  2.53842e-07 0.000150832
 Earth (399)  0.915386 0.40273
 Sun (10)  2.61485e-07 0.000150834
 Earth (399)  0.912838 0.408474
 Sun (10)  2.69236e-07 0.000150836
 Earth (399)  0.910255 0.414202
 Sun (10)  2.77094e-07 0.000150837
 Earth (399)  0.907635 0.419913
 Sun (10)  2.8506e-07 0.000150839
 Earth (399)  0.90498 0.425607
 Sun (10)  2.93133e-07 0.000150841
 Earth (399)  0.902289 0.431285
 Sun (10)  3.01313e-07 0.000150843
 Earth (399)  0.899562 0.436946
 Sun (10)  3.096e-07 0.000150845
 Earth (399)  0.8968 0.442589
 Sun (10)  3.17993e-07 0.000150847
 Earth (399)  0.894002 0.448215
 Sun (10)  3.26491e-07 0.000150849
 Earth (399)  0.89117 0.453824
 Sun (10)  3.35096e-07 0.000150851
 Earth (399)  0.888301 0.459414
 Sun (10)  3.43805e-07 0.000150853
 Earth (399)  0.885398 0.464986
 Sun (10)  3.52619e-07 0.000150855
 Earth (399)  0.88246 0.47054
 Sun (10)  3.61538e-07 0.000150857
 Earth (399)  0.879487 0.476076
 Sun (10)  3.70561e-07 0.00015086
 Earth (399)  0.87648 0.481592
 Sun (10)  3.79688e-07 0.000150862
 Earth (399)  0.873437 0.48709
 Sun (10)  3.88918e-07 0.000150864
 Earth (399)  0.870361 0.492568
 Sun (10)  3.98251e-07 0.000150867
 Earth (399)  0.86725 0.498027
 Sun (10)  4.07687e-07 0.000150869
 Earth (399)  0.864104 0.503466
 Sun (10)  4.17226e-07 0.000150872
 Earth (399)  0.860925 0.508886
 Sun (10)  4.26866e-07 0.000150875
 Earth (399)  0.857711 0.514285
 Sun (10)  4.36608e-07 0.000150877
 Earth (399)  0.854464 0.519664
 Sun (10)  4.46451e-07 0.00015088
 Earth (399)  0.851183 0.525023
 Sun (10)  4.56395e-07 0.000150883
 Earth (399)  0.847868 0.53036
 Sun (10)  4.66439e-07 0.000150886
 Earth (399)  0.84452 0.535677
 Sun (10)  4.76583e-07 0.000150889
 Earth (399)  0.841139 0.540973
 Sun (10)  4.86827e-07 0.000150892
 Earth (399)  0.837724 0.546247
 Sun (10)  4.97171e-07 0.000150895
 Earth (399)  0.834276 0.5515
 Sun (10)  5.07613e-07 0.000150898
 Earth (399)  0.830796 0.556731
 Sun (10)  5.18153e-07 0.000150901
 Earth (399)  0.827282 0.56194
 Sun (10)  5.28791e-07 0.000150905
 Earth (399)  0.823736 0.567127
 Sun (10)  5.39527e-07 0.000150908
 Earth (399)  0.820158 0.572292
 Sun (10)  5.5036e-07 0.000150911
 Earth (399)  0.816547 0.577433
 Sun (10)  5.6129e-07 0.000150915
 Earth (399)  0.812903 0.582553
 Sun (10)  5.72316e-07 0.000150918
 Earth (399)  0.809228 0.587649
 Sun (10)  5.83438e-07 0.000150922
 Earth (399)  0.805521 0.592722
 Sun (10)  5.94655e-07 0.000150926
 Earth (399)  0.801782 0.597771
 Sun (10)  6.05967e-07 0.00015093
 Earth (399)  0.798011 0.602797
 Sun (10)  6.17374e-07 0.000150933
 Earth (399)  0.794209 0.607799
 Sun (10)  6.28875e-07 0.000150937
 Earth (399)  0.790375 0.612777
 Sun (10)  6.40469e-07 0.000150941
 Earth (399)  0.78651 0.617731
 Sun (10)  6.52157e-07 0.000150945
 Earth (399)  0.782614 0.622661
 Sun (10)  6.63937e-07 0.00015095
 Earth (399)  0.778688 0.627566
 Sun (10)  6.7581e-07 0.000150954
 Earth (399)  0.77473 0.632446
 Sun (10)  6.87774e-07 0.000150958
 Earth (399)  0.770742 0.637302
 Sun (10)  6.99829e-07 0.000150962
 Earth (399)  0.766724 0.642132
 Sun (10)  7.11976e-07 0.000150967
 Earth (399)  0.762675 0.646937
 Sun (10)  7.24212e-07 0.000150971
 Earth (399)  0.758596 0.651716
 Sun (10)  7.36539e-07 0.000150976
 Earth (399)  0.754487 0.656469
 Sun (10)  7.48955e-07 0.000150981
 Earth (399)  0.750348 0.661197
 Sun (10)  7.61459e-07 0.000150985
 Earth (399)  0.74618 0.665898
 Sun (10)  7.74052e-07 0.00015099
 Earth (399)  0.741983 0.670574
 Sun (10)  7.86733e-07 0.000150995
 Earth (399)  0.737756 0.675222
 Sun (10)  7.99502e-07 0.000151
 Earth (399)  0.733499 0.679845
 Sun (10)  8.12357e-07 0.000151005
 Earth (399)  0.729214 0.68444
 Sun (10)  8.25299e-07 0.00015101
 Earth (399)  0.7249 0.689008
 Sun (10)  8.38326e-07 0.000151015
 Earth (399)  0.720558 0.693549
 Sun (10)  8.51439e-07 0.000151021
 Earth (399)  0.716187 0.698063
 Sun (10)  8.64636e-07 0.000151026
 Earth (399)  0.711788 0.702549
 Sun (10)  8.77918e-07 0.000151032
 Earth (399)  0.707361 0.707008
 Sun (10)  8.91284e-07 0.000151037
 Earth (399)  0.702905 0.711438
 Sun (10)  9.04733e-07 0.000151043
 Earth (399)  0.698422 0.715841
 Sun (10)  9.18264e-07 0.000151049
 Earth (399)  0.693912 0.720215
 Sun (10)  9.31878e-07 0.000151054
 Earth (399)  0.689374 0.724561
 Sun (10)  9.45574e-07 0.00015106
 Earth (399)  0.684809 0.728878
 Sun (10)  9.5935e-07 0.000151066
 Earth (399)  0.680217 0.733166
 Sun (10)  9.73207e-07 0.000151072
 Earth (399)  0.675598 0.737426
 Sun (10)  9.87144e-07 0.000151078
 Earth (399)  0.670952 0.741656
 Sun (10)  1.00116e-06 0.000151085
 Earth (399)  0.66628 0.745857
 Sun (10)  1.01526e-06 0.000151091
 Earth (399)  0.661581 0.750029
 Sun (10)  1.02943e-06 0.000151097
 Earth (399)  0.656857 0.754171
 Sun (10)  1.04368e-06 0.000151104
 Earth (399)  0.652106 0.758283
 Sun (10)  1.05801e-06 0.000151111
 Earth (399)  0.64733 0.762365
 Sun (10)  1.07242e-06 0.000151117
 Earth (399)  0.642528 0.766418
 Sun (10)  1.0869e-06 0.000151124
 Earth (399)  0.637701 0.77044
 Sun (10)  1.10146e-06 0.000151131
 Earth (399)  0.632848 0.774431
 Sun (10)  1.11609e-06 0.000151138
 Earth (399)  0.627971 0.778392
 Sun (10)  1.13079e-06 0.000151145
 Earth (399)  0.623069 0.782323
 Sun (10)  1.14557e-06 0.000151152
 Earth (399)  0.618142 0.786222
 Sun (10)  1.16043e-06 0.000151159
 Earth (399)  0.613191 0.79009
 Sun (10)  1.17535e-06 0.000151167
 Earth (399)  0.608215 0.793928
 Sun (10)  1.19035e-06 0.000151174
 Earth (399)  0.603216 0.797733
 Sun (10)  1.20542e-06 0.000151182
 Earth (399)  0.598193 0.801508
 Sun (10)  1.22056e-06 0.000151189
 Earth (399)  0.593146 0.805251
 Sun (10)  1.23577e-06 0.000151197
 Earth (399)  0.588076 0.808961
 Sun (10)  1.25105e-06 0.000151205
 Earth (399)  0.582982 0.812641
 Sun (10)  1.2664e-06 0.000151213
 Earth (399)  0.577866 0.816287
 Sun (10)  1.28182e-06 0.000151221
 Earth (399)  0.572727 0.819902
 Sun (10)  1.29731e-06 0.000151229
 Earth (399)  0.567565 0.823485
 Sun (10)  1.31286e-06 0.000151237
 Earth (399)  0.56238 0.827034
 Sun (10)  1.32848e-06 0.000151245
 Earth (399)  0.557174 0.830552
 Sun (10)  1.34416e-06 0.000151254
 Earth (399)  0.551945 0.834036
 Sun (10)  1.35991e-06 0.000151262
 Earth (399)  0.546695 0.837488
 Sun (10)  1.37573e-06 0.000151271
 Earth (399)  0.541423 0.840906
 Sun (10)  1.39161e-06 0.00015128
 Earth (399)  0.53613 0.844291
 Sun (10)  1.40755e-06 0.000151288
 Earth (399)  0.530816 0.847643
 Sun (10)  1.42356e-06 0.000151297
 Earth (399)  0.52548 0.850962
 Sun (10)  1.43963e-06 0.000151306
 Earth (399)  0.520124 0.854247
 Sun (10)  1.45576e-06 0.000151315
 Earth (399)  0.514747 0.857498
 Sun (10)  1.47195e-06 0.000151324
 Earth (399)  0.509351 0.860715
 Sun (10)  1.4882e-06 0.000151334
 Earth (399)  0.503933 0.863899
 Sun (10)  1.50451e-06 0.000151343
 Earth (399)  0.498497 0.867048
 Sun (10)  1.52088e-06 0.000151353
 Earth (399)  0.49304 0.870163
 Sun (10)  1.53731e-06 0.000151362
 Earth (399)  0.487564 0.873244
 Sun (10)  1.55379e-06 0.000151372
 Earth (399)  0.482068 0.87629
 Sun (10)  1.57034e-06 0.000151382
 Earth (399)  0.476554 0.879302
 Sun (10)  1.58694e-06 0.000151392
 Earth (399)  0.471021 0.882278
 Sun (10)  1.60359e-06 0.000151402
 Earth (399)  0.465469 0.885221
 Sun (10)  1.6203e-06 0.000151412
 Earth (399)  0.459899 0.888128
 Sun (10)  1.63707e-06 0.000151422
 Earth (399)  0.454311 0.891
 Sun (10)  1.65389e-06 0.000151432
 Earth (399)  0.448704 0.893837
 Sun (10)  1.67076e-06 0.000151443
 Earth (399)  0.44308 0.896638
 Sun (10)  1.68768e-06 0.000151453
 Earth (399)  0.437439 0.899405
 Sun (10)  1.70466e-06 0.000151464
 Earth (399)  0.43178 0.902135
 Sun (10)  1.72169e-06 0.000151475
 Earth (399)  0.426104 0.904831
 Sun (10)  1.73876e-06 0.000151486
 Earth (399)  0.420412 0.90749
 Sun (10)  1.75589e-06 0.000151497
 Earth (399)  0.414703 0.910114
 Sun (10)  1.77307e-06 0.000151508
 Earth (399)  0.408977 0.912701
 Sun (10)  1.79029e-06 0.000151519
 Earth (399)  0.403235 0.915253
 Sun (10)  1.80757e-06 0.00015153
 Earth (399)  0.397478 0.917769
 Sun (10)  1.82489e-06 0.000151542
 Earth (399)  0.391704 0.920248
 Sun (10)  1.84225e-06 0.000151553
 Earth (399)  0.385916 0.922691
 Sun (10)  1.85967e-06 0.000151565
 Earth (399)  0.380112 0.925098
 Sun (10)  1.87712e-06 0.000151577
 Earth (399)  0.374292 0.927468
 Sun (10)  1.89462e-06 0.000151588
 Earth (399)  0.368459 0.929801
 Sun (10)  1.91217e-06 0.0001516
 Earth (399)  0.36261 0.932098
 Sun (10)  1.92976e-06 0.000151612
 Earth (399)  0.356748 0.934358
 Sun (10)  1.94739e-06 0.000151625
 Earth (399)  0.350871 0.936581
 Sun (10)  1.96506e-06 0.000151637
 Earth (399)  0.34498 0.938767
 Sun (10)  1.98277e-06 0.000151649
 Earth (399)  0.339076 0.940916
 Sun (10)  2.00052e-06 0.000151662
 Earth (399)  0.333159 0.943028
 Sun (10)  2.01832e-06 0.000151675
 Earth (399)  0.327228 0.945103
 Sun (10)  2.03615e-06 0.000151687
 Earth (399)  0.321284 0.94714
 Sun (10)  2.05402e-06 0.0001517
 Earth (399)  0.315328 0.94914
 Sun (10)  2.07192e-06 0.000151713
 Earth (399)  0.309359 0.951103
 Sun (10)  2.08987e-06 0.000151726
 Earth (399)  0.303378 0.953028
 Sun (10)  2.10785e-06 0.000151739
 Earth (399)  0.297385 0.954915
 Sun (10)  2.12586e-06 0.000151753
 Earth (399)  0.29138 0.956765
 Sun (10)  2.14391e-06 0.000151766
 Earth (399)  0.285364 0.958577
 Sun (10)  2.16199e-06 0.00015178
 Earth (399)  0.279336 0.960351
 Sun (10)  2.18011e-06 0.000151793
 Earth (399)  0.273298 0.962087
 Sun (10)  2.19825e-06 0.000151807
 Earth (399)  0.267249 0.963785
 Sun (10)  2.21643e-06 0.000151821
 Earth (399)  0.261189 0.965445
 Sun (10)  2.23464e-06 0.000151835
 Earth (399)  0.255118 0.967068
 Sun (10)  2.25289e-06 0.000151849
 Earth (399)  0.249038 0.968651
 Sun (10)  2.27116e-06 0.000151863
 Earth (399)  0.242948 0.970197
 Sun (10)  2.28945e-06 0.000151877
 Earth (399)  0.236848 0.971704
 Sun (10)  2.30778e-06 0.000151892
 Earth (399)  0.230739 0.973173
 Sun (10)  2.32614e-06 0.000151906
 Earth (399)  0.224621 0.974604
 Sun (10)  2.34452e-06 0.000151921
 Earth (399)  0.218494 0.975996
 Sun (10)  2.36292e-06 0.000151936
 Earth (399)  0.212359 0.97735
 Sun (10)  2.38136e-06 0.000151951
 Earth (399)  0.206215 0.978665
 Sun (10)  2.39981e-06 0.000151966
 Earth (399)  0.200063 0.979941
 Sun (10)  2.41829e-06 0.000151981
 Earth (399)  0.193902 0.981179
 Sun (10)  2.4368e-06 0.000151996
 Earth (399)  0.187735 0.982378
 Sun (10)  2.45532e-06 0.000152012
 Earth (399)  0.18156 0.983538
 Sun (10)  2.47387e-06 0.000152027
 Earth (399)  0.175377 0.98466
 Sun (10)  2.49244e-06 0.000152043
 Earth (399)  0.169188 0.985742
 Sun (10)  2.51102e-06 0.000152058
 Earth (399)  0.162992 0.986786
 Sun (10)  2.52963e-06 0.000152074
 Earth (399)  0.15679 0.98779
 Sun (10)  2.54826e-06 0.00015209
 Earth (399)  0.150581 0.988756
 Sun (10)  2.5669e-06 0.000152106
 Earth (399)  0.144367 0.989683
 Sun (10)  2.58556e-06 0.000152122
 Earth (399)  0.138147 0.99057
 Sun (10)  2.60424e-06 0.000152139
 Earth (399)  0.131921 0.991419
 Sun (10)  2.62293e-06 0.000152155
 Earth (399)  0.12569 0.992228
 Sun (10)  2.64164e-06 0.000152172
 Earth (399)  0.119455 0.992998
 Sun (10)  2.66036e-06 0.000152188
 Earth (399)  0.113214 0.993729
 Sun (10)  2.67909e-06 0.000152205
 Earth (399)  0.106969 0.994421
 Sun (10)  2.69784e-06 0.000152222
 Earth (399)  0.10072 0.995074
 Sun (10)  2.7166e-06 0.000152239
 Earth (399)  0.0944668 0.995687
 Sun (10)  2.73537e-06 0.000152256
 Earth (399)  0.0882099 0.996261
 Sun (10)  2.75415e-06 0.000152273
 Earth (399)  0.0819495 0.996795
 Sun (10)  2.77294e-06 0.000152291
 Earth (399)  0.0756859 0.997291
 Sun (10)  2.79174e-06 0.000152308
 Earth (399)  0.0694193 0.997746
 Sun (10)  2.81055e-06 0.000152326
 Earth (399)  0.06315 0.998163
 Sun (10)  2.82937e-06 0.000152344
 Earth (399)  0.0568782 0.99854
 Sun (10)  2.84819e-06 0.000152361
 Earth (399)  0.0506041 0.998878
 Sun (10)  2.86702e-06 0.000152379
 Earth (399)  0.044328 0.999176
 Sun (10)  2.88585e-06 0.000152397
 Earth (399)  0.0380502 0.999435
 Sun (10)  2.90469e-06 0.000152416
 Earth (399)  0.0317709 0.999654
 Sun (10)  2.92353e-06 0.000152434
 Earth (399)  0.0254903 0.999834
 Sun (10)  2.94237e-06 0.000152452
 Earth (399)  0.0192087 0.999975
 Sun (10)  2.96122e-06 0.000152471
 Earth (399)  0.0129263 1.00008
 Sun (10)  2.98007e-06 0.00015249
 Earth (399)  0.00664349 1.00014
 Sun (10)  2.99892e-06 0.000152508
 Earth (399)  0.000360377 1.00016
 Sun (10)  3.01777e-06 0.000152527
 Earth (399)  -0.00592275 1.00014
 Sun (10)  3.03662e-06 0.000152546
 Earth (399)  -0.0122056 1.00008
 Sun (10)  3.05546e-06 0.000152565
 Earth (399)  -0.0184881 0.999989
 Sun (10)  3.07431e-06 0.000152585
 Earth (399)  -0.0247697 0.999853
 Sun (10)  3.09315e-06 0.000152604
 Earth (399)  -0.0310505 0.999677
 Sun (10)  3.11199e-06 0.000152624
 Earth (399)  -0.0373299 0.999463
 Sun (10)  3.13082e-06 0.000152643
 Earth (399)  -0.0436079 0.999208
 Sun (10)  3.14965e-06 0.000152663
 Earth (399)  -0.0498842 0.998915
 Sun (10)  3.16848e-06 0.000152683
 Earth (399)  -0.0561585 0.998582
 Sun (10)  3.18729e-06 0.000152703
 Earth (399)  -0.0624306 0.998209
 Sun (10)  3.2061e-06 0.000152723
 Earth (399)  -0.0687003 0.997797
 Sun (10)  3.2249e-06 0.000152743
 Earth (399)  -0.0749672 0.997346
 Sun (10)  3.24369e-06 0.000152763
 Earth (399)  -0.0812312 0.996855
 Sun (10)  3.26248e-06 0.000152784
 Earth (399)  -0.0874919 0.996325
 Sun (10)  3.28125e-06 0.000152804
 Earth (399)  -0.0937492 0.995756
 Sun (10)  3.30001e-06 0.000152825
 Earth (399)  -0.100003 0.995147
 Sun (10)  3.31876e-06 0.000152846
 Earth (399)  -0.106252 0.994499
 Sun (10)  3.33749e-06 0.000152867
 Earth (399)  -0.112498 0.993812
 Sun (10)  3.35622e-06 0.000152888
 Earth (399)  -0.118739 0.993086
 Sun (10)  3.37493e-06 0.000152909
 Earth (399)  -0.124975 0.99232
 Sun (10)  3.39362e-06 0.00015293
 Earth (399)  -0.131207 0.991515
 Sun (10)  3.4123e-06 0.000152952
 Earth (399)  -0.137433 0.990671
 Sun (10)  3.43096e-06 0.000152973
 Earth (399)  -0.143654 0.989788
 Sun (10)  3.44961e-06 0.000152995
 Earth (399)  -0.149869 0.988866
 Sun (10)  3.46823e-06 0.000153016
 Earth (399)  -0.156078 0.987905
 Sun (10)  3.48684e-06 0.000153038
 Earth (399)  -0.162281 0.986905
 Sun (10)  3.50543e-06 0.00015306
 Earth (399)  -0.168478 0.985866
 Sun (10)  3.524e-06 0.000153082
 Earth (399)  -0.174668 0.984788
 Sun (10)  3.54255e-06 0.000153104
 Earth (399)  -0.180851 0.983671
 Sun (10)  3.56108e-06 0.000153127
 Earth (399)  -0.187027 0.982516
 Sun (10)  3.57959e-06 0.000153149
 Earth (399)  -0.193195 0.981321
 Sun (10)  3.59807e-06 0.000153172
 Earth (399)  -0.199356 0.980088
 Sun (10)  3.61653e-06 0.000153194
 Earth (399)  -0.205509 0.978816
 Sun (10)  3.63496e-06 0.000153217
 Earth (399)  -0.211654 0.977506
 Sun (10)  3.65337e-06 0.00015324
 Earth (399)  -0.217791 0.976156
 Sun (10)  3.67176e-06 0.000153263
 Earth (399)  -0.223919 0.974769
 Sun (10)  3.69011e-06 0.000153286
 Earth (399)  -0.230038 0.973343
 Sun (10)  3.70844e-06 0.000153309
 Earth (399)  -0.236148 0.971878
 Sun (10)  3.72675e-06 0.000153333
 Earth (399)  -0.242249 0.970375
 Sun (10)  3.74502e-06 0.000153356
 Earth (399)  -0.24834 0.968834
 Sun (10)  3.76326e-06 0.00015338
 Earth (399)  -0.254421 0.967255
 Sun (10)  3.78148e-06 0.000153404
 Earth (399)  -0.260493 0.965637
 Sun (10)  3.79966e-06 0.000153427
 Earth (399)  -0.266554 0.963981
 Sun (10)  3.81781e-06 0.000153451
 Earth (399)  -0.272604 0.962288
 Sun (10)  3.83593e-06 0.000153475
 Earth (399)  -0.278644 0.960556
 Sun (10)  3.85402e-06 0.0001535
 Earth (399)  -0.284673 0.958786
 Sun (10)  3.87207e-06 0.000153524
 Earth (399)  -0.29069 0.956979
 Sun (10)  3.89009e-06 0.000153548
 Earth (399)  -0.296696 0.955134
 Sun (10)  3.90807e-06 0.000153573
 Earth (399)  -0.302691 0.953251
 Sun (10)  3.92602e-06 0.000153597
 Earth (399)  -0.308673 0.95133
 Sun (10)  3.94393e-06 0.000153622
 Earth (399)  -0.314643 0.949372
 Sun (10)  3.9618e-06 0.000153647
 Earth (399)  -0.320601 0.947376
 Sun (10)  3.97964e-06 0.000153672
 Earth (399)  -0.326546 0.945343
 Sun (10)  3.99744e-06 0.000153697
 Earth (399)  -0.332479 0.943273
 Sun (10)  4.01519e-06 0.000153722
 Earth (399)  -0.338398 0.941165
 Sun (10)  4.03291e-06 0.000153747
 Earth (399)  -0.344303 0.939021
 Sun (10)  4.05059e-06 0.000153773
 Earth (399)  -0.350196 0.936839
 Sun (10)  4.06822e-06 0.000153798
 Earth (399)  -0.356074 0.93462
 Sun (10)  4.08581e-06 0.000153824
 Earth (399)  -0.361938 0.932364
 Sun (10)  4.10336e-06 0.00015385
 Earth (399)  -0.367788 0.930072
 Sun (10)  4.12087e-06 0.000153875
 Earth (399)  -0.373624 0.927743
 Sun (10)  4.13833e-06 0.000153901
 Earth (399)  -0.379444 0.925377
 Sun (10)  4.15575e-06 0.000153927
 Earth (399)  -0.38525 0.922975
 Sun (10)  4.17312e-06 0.000153954
 Earth (399)  -0.391041 0.920536
 Sun (10)  4.19045e-06 0.00015398
 Earth (399)  -0.396816 0.918061
 Sun (10)  4.20773e-06 0.000154006
 Earth (399)  -0.402575 0.91555
 Sun (10)  4.22496e-06 0.000154033
 Earth (399)  -0.408319 0.913002
 Sun (10)  4.24214e-06 0.000154059
 Earth (399)  -0.414046 0.910419
 Sun (10)  4.25927e-06 0.000154086
 Earth (399)  -0.419757 0.907799
 Sun (10)  4.27636e-06 0.000154113
 Earth (399)  -0.425452 0.905144
 Sun (10)  4.29339e-06 0.00015414
 Earth (399)  -0.431129 0.902453
 Sun (10)  4.31037e-06 0.000154167
 Earth (399)  -0.43679 0.899726
 Sun (10)  4.3273e-06 0.000154194
 Earth (399)  -0.442434 0.896964
 Sun (10)  4.34418e-06 0.000154221
 Earth (399)  -0.44806 0.894167
 Sun (10)  4.361e-06 0.000154249
 Earth (399)  -0.453668 0.891334
 Sun (10)  4.37777e-06 0.000154276
 Earth (399)  -0.459258 0.888466
 Sun (10)  4.39449e-06 0.000154304
 Earth (399)  -0.464831 0.885563
 Sun (10)  4.41115e-06 0.000154331
 Earth (399)  -0.470384 0.882625
 Sun (10)  4.42776e-06 0.000154359
 Earth (399)  -0.47592 0.879652
 Sun (10)  4.44431e-06 0.000154387
 Earth (399)  -0.481436 0.876645
 Sun (10)  4.4608e-06 0.000154415
 Earth (399)  -0.486934 0.873602
 Sun (10)  4.47724e-06 0.000154443
 Earth (399)  -0.492412 0.870526
 Sun (10)  4.49361e-06 0.000154471
 Earth (399)  -0.497871 0.867415
 Sun (10)  4.50993e-06 0.000154499
 Earth (399)  -0.50331 0.86427
 Sun (10)  4.52619e-06 0.000154528
 Earth (399)  -0.50873 0.86109
 Sun (10)  4.54239e-06 0.000154556
 Earth (399)  -0.514129 0.857877
 Sun (10)  4.55852e-06 0.000154585
 Earth (399)  -0.519508 0.85463
 Sun (10)  4.5746e-06 0.000154614
 Earth (399)  -0.524866 0.851349
 Sun (10)  4.59061e-06 0.000154642
 Earth (399)  -0.530204 0.848034
 Sun (10)  4.60656e-06 0.000154671
 Earth (399)  -0.535521 0.844686
 Sun (10)  4.62245e-06 0.0001547
 Earth (399)  -0.540817 0.841305
 Sun (10)  4.63827e-06 0.000154729
 Earth (399)  -0.546091 0.83789
 Sun (10)  4.65403e-06 0.000154759
 Earth (399)  -0.551344 0.834443
 Sun (10)  4.66972e-06 0.000154788
 Earth (399)  -0.556575 0.830962
 Sun (10)  4.68535e-06 0.000154817
 Earth (399)  -0.561784 0.827449
 Sun (10)  4.70091e-06 0.000154847
 Earth (399)  -0.56697 0.823903
 Sun (10)  4.7164e-06 0.000154876
 Earth (399)  -0.572135 0.820324
 Sun (10)  4.73183e-06 0.000154906
 Earth (399)  -0.577277 0.816713
 Sun (10)  4.74719e-06 0.000154936
 Earth (399)  -0.582396 0.81307
 Sun (10)  4.76248e-06 0.000154966
 Earth (399)  -0.587492 0.809395
 Sun (10)  4.77769e-06 0.000154996
 Earth (399)  -0.592565 0.805688
 Sun (10)  4.79284e-06 0.000155026
 Earth (399)  -0.597614 0.801949
 Sun (10)  4.80792e-06 0.000155056
 Earth (399)  -0.60264 0.798178
 Sun (10)  4.82293e-06 0.000155086
 Earth (399)  -0.607642 0.794376
 Sun (10)  4.83786e-06 0.000155116
 Earth (399)  -0.612621 0.790543
 Sun (10)  4.85272e-06 0.000155147
 Earth (399)  -0.617575 0.786678
 Sun (10)  4.86751e-06 0.000155177
 Earth (399)  -0.622504 0.782782
 Sun (10)  4.88223e-06 0.000155208
 Earth (399)  -0.627409 0.778855
 Sun (10)  4.89687e-06 0.000155239
 Earth (399)  -0.632289 0.774898
 Sun (10)  4.91143e-06 0.00015527
 Earth (399)  -0.637145 0.77091
 Sun (10)  4.92592e-06 0.0001553
 Earth (399)  -0.641975 0.766892
 Sun (10)  4.94034e-06 0.000155331
 Earth (399)  -0.646779 0.762843
 Sun (10)  4.95468e-06 0.000155363
 Earth (399)  -0.651559 0.758764
 Sun (10)  4.96894e-06 0.000155394
 Earth (399)  -0.656312 0.754656
 Sun (10)  4.98312e-06 0.000155425
 Earth (399)  -0.66104 0.750517
 Sun (10)  4.99722e-06 0.000155456
 Earth (399)  -0.665741 0.746349
 Sun (10)  5.01125e-06 0.000155488
 Earth (399)  -0.670417 0.742151
 Sun (10)  5.0252e-06 0.000155519
 Earth (399)  -0.675065 0.737924
 Sun (10)  5.03906e-06 0.000155551
 Earth (399)  -0.679687 0.733668
 Sun (10)  5.05285e-06 0.000155583
 Earth (399)  -0.684283 0.729383
 Sun (10)  5.06655e-06 0.000155614
 Earth (399)  -0.688851 0.72507
 Sun (10)  5.08018e-06 0.000155646
 Earth (399)  -0.693392 0.720727
 Sun (10)  5.09372e-06 0.000155678
 Earth (399)  -0.697906 0.716357
 Sun (10)  5.10718e-06 0.00015571
 Earth (399)  -0.702392 0.711957
 Sun (10)  5.12055e-06 0.000155742
 Earth (399)  -0.70685 0.70753
 Sun (10)  5.13384e-06 0.000155775
 Earth (399)  -0.711281 0.703075
 Sun (10)  5.14705e-06 0.000155807
 Earth (399)  -0.715683 0.698592
 Sun (10)  5.16017e-06 0.000155839
 Earth (399)  -0.720058 0.694082
 Sun (10)  5.17321e-06 0.000155872
 Earth (399)  -0.724403 0.689544
 Sun (10)  5.18616e-06 0.000155904
 Earth (399)  -0.72872 0.684979
 Sun (10)  5.19903e-06 0.000155937
 Earth (399)  -0.733009 0.680387
 Sun (10)  5.2118e-06 0.00015597
 Earth (399)  -0.737268 0.675768
 Sun (10)  5.2245e-06 0.000156002
 Earth (399)  -0.741499 0.671122
 Sun (10)  5.2371e-06 0.000156035
 Earth (399)  -0.7457 0.66645
 Sun (10)  5.24961e-06 0.000156068
 Earth (399)  -0.749871 0.661752
 Sun (10)  5.26204e-06 0.000156101
 Earth (399)  -0.754013 0.657027
 Sun (10)  5.27438e-06 0.000156134
 Earth (399)  -0.758126 0.652277
 Sun (10)  5.28662e-06 0.000156168
 Earth (399)  -0.762208 0.647501
 Sun (10)  5.29878e-06 0.000156201
 Earth (399)  -0.76626 0.642699
 Sun (10)  5.31085e-06 0.000156234
 Earth (399)  -0.770282 0.637872
 Sun (10)  5.32282e-06 0.000156268
 Earth (399)  -0.774274 0.63302
 Sun (10)  5.3347e-06 0.000156301
 Earth (399)  -0.778235 0.628142
 Sun (10)  5.3465e-06 0.000156335
 Earth (399)  -0.782165 0.62324
 Sun (10)  5.35819e-06 0.000156368
 Earth (399)  -0.786065 0.618314
 Sun (10)  5.3698e-06 0.000156402
 Earth (399)  -0.789933 0.613363
 Sun (10)  5.38131e-06 0.000156436
 Earth (399)  -0.79377 0.608387
 Sun (10)  5.39273e-06 0.00015647
 Earth (399)  -0.797576 0.603388
 Sun (10)  5.40405e-06 0.000156503
 Earth (399)  -0.80135 0.598365
 Sun (10)  5.41528e-06 0.000156537
 Earth (399)  -0.805093 0.593318
 Sun (10)  5.42641e-06 0.000156572
 Earth (399)  -0.808804 0.588248
 Sun (10)  5.43745e-06 0.000156606
 Earth (399)  -0.812483 0.583155
 Sun (10)  5.44839e-06 0.00015664
 Earth (399)  -0.81613 0.578039
 Sun (10)  5.45923e-06 0.000156674
 Earth (399)  -0.819745 0.572899
 Sun (10)  5.46998e-06 0.000156708
 Earth (399)  -0.823327 0.567738
 Sun (10)  5.48063e-06 0.000156743
 Earth (399)  -0.826877 0.562553
 Sun (10)  5.49118e-06 0.000156777
 Earth (399)  -0.830394 0.557347
 Sun (10)  5.50164e-06 0.000156812
 Earth (399)  -0.833879 0.552119
 Sun (10)  5.51199e-06 0.000156846
 Earth (399)  -0.83733 0.546869
 Sun (10)  5.52225e-06 0.000156881
 Earth (399)  -0.840749 0.541597
 Sun (10)  5.5324e-06 0.000156916
 Earth (399)  -0.844134 0.536304
 Sun (10)  5.54246e-06 0.000156951
 Earth (399)  -0.847486 0.530989
 Sun (10)  5.55241e-06 0.000156986
 Earth (399)  -0.850805 0.525654
 Sun (10)  5.56227e-06 0.00015702
 Earth (399)  -0.85409 0.520298
 Sun (10)  5.57202e-06 0.000157055
 Earth (399)  -0.857341 0.514922
 Sun (10)  5.58167e-06 0.00015709
 Earth (399)  -0.860558 0.509525
 Sun (10)  5.59122e-06 0.000157126
 Earth (399)  -0.863742 0.504108
 Sun (10)  5.60067e-06 0.000157161
 Earth (399)  -0.866891 0.498671
 Sun (10)  5.61002e-06 0.000157196
 Earth (399)  -0.870006 0.493214
 Sun (10)  5.61926e-06 0.000157231
 Earth (399)  -0.873087 0.487738
 Sun (10)  5.6284e-06 0.000157267
 Earth (399)  -0.876133 0.482243
 Sun (10)  5.63743e-06 0.000157302
 Earth (399)  -0.879145 0.476729
 Sun (10)  5.64636e-06 0.000157337
 Earth (399)  -0.882122 0.471196
 Sun (10)  5.65519e-06 0.000157373
 Earth (399)  -0.885064 0.465644
 Sun (10)  5.66391e-06 0.000157408
 Earth (399)  -0.887971 0.460074
 Sun (10)  5.67253e-06 0.000157444
 Earth (399)  -0.890843 0.454486
 Sun (10)  5.68104e-06 0.00015748
 Earth (399)  -0.89368 0.44888
 Sun (10)  5.68945e-06 0.000157515
 Earth (399)  -0.896482 0.443256
 Sun (10)  5.69774e-06 0.000157551
 Earth (399)  -0.899248 0.437615
 Sun (10)  5.70594e-06 0.000157587
 Earth (399)  -0.901979 0.431956
 Sun (10)  5.71402e-06 0.000157623
 Earth (399)  -0.904674 0.42628
 Sun (10)  5.722e-06 0.000157659
 Earth (399)  -0.907334 0.420588
 Sun (10)  5.72987e-06 0.000157695
 Earth (399)  -0.909957 0.414879
 Sun (10)  5.73764e-06 0.000157731
 Earth (399)  -0.912545 0.409153
 Sun (10)  5.74529e-06 0.000157767
 Earth (399)  -0.915097 0.403412
 Sun (10)  5.75284e-06 0.000157803
 Earth (399)  -0.917612 0.397654
 Sun (10)  5.76028e-06 0.000157839
 Earth (399)  -0.920092 0.391881
 Sun (10)  5.7676e-06 0.000157875
 Earth (399)  -0.922535 0.386092
 Sun (10)  5.77482e-06 0.000157912
 Earth (399)  -0.924941 0.380288
 Sun (10)  5.78193e-06 0.000157948
 Earth (399)  -0.927312 0.374469
 Sun (10)  5.78894e-06 0.000157984
 Earth (399)  -0.929645 0.368636
 Sun (10)  5.79583e-06 0.000158021
 Earth (399)  -0.931942 0.362787
 Sun (10)  5.80261e-06 0.000158057
 Earth (399)  -0.934202 0.356925
 Sun (10)  5.80928e-06 0.000158094
 Earth (399)  -0.936425 0.351048
 Sun (10)  5.81583e-06 0.00015813
 Earth (399)  -0.938611 0.345158
 Sun (10)  5.82228e-06 0.000158167
 Earth (399)  -0.94076 0.339254
 Sun (10)  5.82862e-06 0.000158203
 Earth (399)  -0.942872 0.333336
 Sun (10)  5.83484e-06 0.00015824
 Earth (399)  -0.944947 0.327405
 Sun (10)  5.84095e-06 0.000158277
 Earth (399)  -0.946985 0.321462
 Sun (10)  5.84695e-06 0.000158313
 Earth (399)  -0.948985 0.315506
 Sun (10)  5.85284e-06 0.00015835
 Earth (399)  -0.950947 0.309537
 Sun (10)  5.85862e-06 0.000158387
 Earth (399)  -0.952872 0.303556
 Sun (10)  5.86428e-06 0.000158424
 Earth (399)  -0.95476 0.297563
 Sun (10)  5.86983e-06 0.000158461
 Earth (399)  -0.956609 0.291558
 Sun (10)  5.87526e-06 0.000158498
 Earth (399)  -0.958421 0.285542
 Sun (10)  5.88059e-06 0.000158534
 Earth (399)  -0.960196 0.279515
 Sun (10)  5.8858e-06 0.000158571
 Earth (399)  -0.961932 0.273477
 Sun (10)  5.89089e-06 0.000158608
 Earth (399)  -0.96363 0.267427
 Sun (10)  5.89587e-06 0.000158645
 Earth (399)  -0.96529 0.261368
 Sun (10)  5.90074e-06 0.000158683
 Earth (399)  -0.966913 0.255297
 Sun (10)  5.90549e-06 0.00015872
 Earth (399)  -0.968496 0.249217
 Sun (10)  5.91013e-06 0.000158757
 Earth (399)  -0.970042 0.243127
 Sun (10)  5.91465e-06 0.000158794
 Earth (399)  -0.97155 0.237028
 Sun (10)  5.91906e-06 0.000158831
 Earth (399)  -0.973019 0.230919
 Sun (10)  5.92335e-06 0.000158868
 Earth (399)  -0.974449 0.224801
 Sun (10)  5.92752e-06 0.000158905
 Earth (399)  -0.975842 0.218674
 Sun (10)  5.93159e-06 0.000158943
 Earth (399)  -0.977195 0.212538
 Sun (10)  5.93553e-06 0.00015898
 Earth (399)  -0.97851 0.206394
 Sun (10)  5.93936e-06 0.000159017
 Earth (399)  -0.979787 0.200242
 Sun (10)  5.94307e-06 0.000159055
 Earth (399)  -0.981025 0.194082
 Sun (10)  5.94667e-06 0.000159092
 Earth (399)  -0.982224 0.187915
 Sun (10)  5.95015e-06 0.000159129
 Earth (399)  -0.983384 0.18174
 Sun (10)  5.95352e-06 0.000159167
 Earth (399)  -0.984505 0.175557
 Sun (10)  5.95676e-06 0.000159204
 Earth (399)  -0.985588 0.169368
 Sun (10)  5.9599e-06 0.000159242
 Earth (399)  -0.986632 0.163173
 Sun (10)  5.96291e-06 0.000159279
 Earth (399)  -0.987636 0.15697
 Sun (10)  5.96581e-06 0.000159317
 Earth (399)  -0.988602 0.150762
 Sun (10)  5.96859e-06 0.000159354
 Earth (399)  -0.989529 0.144547
 Sun (10)  5.97125e-06 0.000159392
 Earth (399)  -0.990417 0.138327
 Sun (10)  5.9738e-06 0.000159429
 Earth (399)  -0.991265 0.132102
 Sun (10)  5.97622e-06 0.000159467
 Earth (399)  -0.992075 0.125871
 Sun (10)  5.97853e-06 0.000159504
 Earth (399)  -0.992845 0.119635
 Sun (10)  5.98073e-06 0.000159542
 Earth (399)  -0.993576 0.113395
 Sun (10)  5.9828e-06 0.000159579
 Earth (399)  -0.994268 0.10715
 Sun (10)  5.98476e-06 0.000159617
 Earth (399)  -0.99492 0.100901
 Sun (10)  5.9866e-06 0.000159655
 Earth (399)  -0.995534 0.094648
 Sun (10)  5.98832e-06 0.000159692
 Earth (399)  -0.996108 0.0883911
 Sun (10)  5.98993e-06 0.00015973
 Earth (399)  -0.996642 0.0821308
 Sun (10)  5.99141e-06 0.000159767
 Earth (399)  -0.997138 0.0758673
 Sun (10)  5.99278e-06 0.000159805
 Earth (399)  -0.997594 0.0696008
 Sun (10)  5.99403e-06 0.000159843
 Earth (399)  -0.99801 0.0633315
 Sun (10)  5.99516e-06 0.00015988
 Earth (399)  -0.998388 0.0570598
 Sun (10)  5.99618e-06 0.000159918
 Earth (399)  -0.998725 0.0507858
 Sun (10)  5.99707e-06 0.000159956
 Earth (399)  -0.999024 0.0445098
 Sun (10)  5.99785e-06 0.000159993
 Earth (399)  -0.999283 0.038232
 Sun (10)  5.99851e-06 0.000160031
 Earth (399)  -0.999502 0.0319527
 Sun (10)  5.99905e-06 0.000160069
 Earth (399)  -0.999682 0.0256722
 Sun (10)  5.99947e-06 0.000160107
 Earth (399)  -0.999823 0.0193907
 Sun (10)  5.99977e-06 0.000160144
 Earth (399)  -0.999924 0.0131084
 Sun (10)  5.99996e-06 0.000160182
 Earth (399)  -0.999986 0.00682564
 Sun (10)  6.00002e-06 0.00016022
 Earth (399)  -1.00001 0.000542587
 Sun (10)  5.99997e-06 0.000160257
 Earth (399)  -0.99999 -0.00574048
 Sun (10)  5.9998e-06 0.000160295
 Earth (399)  -0.999934 -0.0120233
 Sun (10)  5.99951e-06 0.000160333
 Earth (399)  -0.999837 -0.0183057
 Sun (10)  5.9991e-06 0.00016037
 Earth (399)  -0.999701 -0.0245873
 Sun (10)  5.99858e-06 0.000160408
 Earth (399)  -0.999526 -0.0308679
 Sun (10)  5.99793e-06 0.000160446
 Earth (399)  -0.999312 -0.0371474
 Sun (10)  5.99717e-06 0.000160483
 Earth (399)  -0.999057 -0.0434253
 Sun (10)  5.99629e-06 0.000160521
 Earth (399)  -0.998764 -0.0497015
 Sun (10)  5.99529e-06 0.000160559
 Earth (399)  -0.998431 -0.0559758
 Sun (10)  5.99418e-06 0.000160596
 Earth (399)  -0.998058 -0.0622479
 Sun (10)  5.99294e-06 0.000160634
 Earth (399)  -0.997647 -0.0685174
 Sun (10)  5.99159e-06 0.000160672
 Earth (399)  -0.997195 -0.0747843
 Sun (10)  5.99011e-06 0.000160709
 Earth (399)  -0.996705 -0.0810482
 Sun (10)  5.98852e-06 0.000160747
 Earth (399)  -0.996175 -0.0873089
 Sun (10)  5.98682e-06 0.000160785
 Earth (399)  -0.995606 -0.0935662
 Sun (10)  5.98499e-06 0.000160822
 Earth (399)  -0.994997 -0.0998197
 Sun (10)  5.98305e-06 0.00016086
 Earth (399)  -0.994349 -0.106069
 Sun (10)  5.98099e-06 0.000160897
 Earth (399)  -0.993662 -0.112315
 Sun (10)  5.97881e-06 0.000160935
 Earth (399)  -0.992936 -0.118556
 Sun (10)  5.97651e-06 0.000160973
 Earth (399)  -0.99217 -0.124792
 Sun (10)  5.9741e-06 0.00016101
 Earth (399)  -0.991366 -0.131023
 Sun (10)  5.97157e-06 0.000161048
 Earth (399)  -0.990522 -0.13725
 Sun (10)  5.96892e-06 0.000161085
 Earth (399)  -0.989639 -0.14347
 Sun (10)  5.96615e-06 0.000161123
 Earth (399)  -0.988717 -0.149685
 Sun (10)  5.96327e-06 0.00016116
 Earth (399)  -0.987756 -0.155895
 Sun (10)  5.96027e-06 0.000161198
 Earth (399)  -0.986756 -0.162098
 Sun (10)  5.95715e-06 0.000161235
 Earth (399)  -0.985717 -0.168294
 Sun (10)  5.95392e-06 0.000161272
 Earth (399)  -0.984639 -0.174484
 Sun (10)  5.95057e-06 0.00016131
 Earth (399)  -0.983523 -0.180667
 Sun (10)  5.9471e-06 0.000161347
 Earth (399)  -0.982367 -0.186843
 Sun (10)  5.94352e-06 0.000161385
 Earth (399)  -0.981173 -0.193012
 Sun (10)  5.93982e-06 0.000161422
 Earth (399)  -0.97994 -0.199172
 Sun (10)  5.936e-06 0.000161459
 Earth (399)  -0.978668 -0.205326
 Sun (10)  5.93207e-06 0.000161497
 Earth (399)  -0.977357 -0.21147
 Sun (10)  5.92803e-06 0.000161534
 Earth (399)  -0.976008 -0.217607
 Sun (10)  5.92386e-06 0.000161571
 Earth (399)  -0.974621 -0.223735
 Sun (10)  5.91958e-06 0.000161608
 Earth (399)  -0.973195 -0.229854
 Sun (10)  5.91519e-06 0.000161645
 Earth (399)  -0.971731 -0.235964
 Sun (10)  5.91068e-06 0.000161683
 Earth (399)  -0.970228 -0.242065
 Sun (10)  5.90606e-06 0.00016172
 Earth (399)  -0.968687 -0.248156
 Sun (10)  5.90132e-06 0.000161757
 Earth (399)  -0.967107 -0.254237
 Sun (10)  5.89647e-06 0.000161794
 Earth (399)  -0.96549 -0.260309
 Sun (10)  5.8915e-06 0.000161831
 Earth (399)  -0.963834 -0.26637
 Sun (10)  5.88642e-06 0.000161868
 Earth (399)  -0.962141 -0.27242
 Sun (10)  5.88123e-06 0.000161905
 Earth (399)  -0.960409 -0.27846
 Sun (10)  5.87592e-06 0.000161942
 Earth (399)  -0.958639 -0.284489
 Sun (10)  5.8705e-06 0.000161979
 Earth (399)  -0.956832 -0.290506
 Sun (10)  5.86496e-06 0.000162016
 Earth (399)  -0.954987 -0.296512
 Sun (10)  5.85931e-06 0.000162052
 Earth (399)  -0.953104 -0.302507
 Sun (10)  5.85355e-06 0.000162089
 Earth (399)  -0.951184 -0.308489
 Sun (10)  5.84768e-06 0.000162126
 Earth (399)  -0.949225 -0.314459
 Sun (10)  5.84169e-06 0.000162163
 Earth (399)  -0.94723 -0.320417
 Sun (10)  5.83559e-06 0.000162199
 Earth (399)  -0.945197 -0.326362
 Sun (10)  5.82938e-06 0.000162236
 Earth (399)  -0.943127 -0.332295
 Sun (10)  5.82306e-06 0.000162273
 Earth (399)  -0.941019 -0.338214
 Sun (10)  5.81662e-06 0.000162309
 Earth (399)  -0.938875 -0.344119
 Sun (10)  5.81008e-06 0.000162346
 Earth (399)  -0.936693 -0.350012
 Sun (10)  5.80342e-06 0.000162382
 Earth (399)  -0.934474 -0.35589
 Sun (10)  5.79666e-06 0.000162419
 Earth (399)  -0.932219 -0.361754
 Sun (10)  5.78978e-06 0.000162455
 Earth (399)  -0.929927 -0.367604
 Sun (10)  5.78279e-06 0.000162491
 Earth (399)  -0.927598 -0.37344
 Sun (10)  5.7757e-06 0.000162528
 Earth (399)  -0.925232 -0.37926
 Sun (10)  5.76849e-06 0.000162564
 Earth (399)  -0.92283 -0.385066
 Sun (10)  5.76117e-06 0.0001626
 Earth (399)  -0.920391 -0.390857
 Sun (10)  5.75375e-06 0.000162636
 Earth (399)  -0.917916 -0.396632
 Sun (10)  5.74621e-06 0.000162672
 Earth (399)  -0.915405 -0.402391
 Sun (10)  5.73857e-06 0.000162709
 Earth (399)  -0.912858 -0.408135
 Sun (10)  5.73082e-06 0.000162745
 Earth (399)  -0.910274 -0.413862
 Sun (10)  5.72296e-06 0.000162781
 Earth (399)  -0.907655 -0.419573
 Sun (10)  5.715e-06 0.000162816
 Earth (399)  -0.905 -0.425268
 Sun (10)  5.70693e-06 0.000162852
 Earth (399)  -0.902309 -0.430946
 Sun (10)  5.69875e-06 0.000162888
 Earth (399)  -0.899582 -0.436606
 Sun (10)  5.69046e-06 0.000162924
 Earth (399)  -0.89682 -0.44225
 Sun (10)  5.68207e-06 0.00016296
 Earth (399)  -0.894023 -0.447876
 Sun (10)  5.67357e-06 0.000162995
 Earth (399)  -0.89119 -0.453484
 Sun (10)  5.66497e-06 0.000163031
 Earth (399)  -0.888322 -0.459075
 Sun (10)  5.65626e-06 0.000163067
 Earth (399)  -0.885419 -0.464647
 Sun (10)  5.64744e-06 0.000163102
 Earth (399)  -0.882482 -0.470201
 Sun (10)  5.63853e-06 0.000163138
 Earth (399)  -0.879509 -0.475736
 Sun (10)  5.6295e-06 0.000163173
 Earth (399)  -0.876501 -0.481253
 Sun (10)  5.62038e-06 0.000163208
 Earth (399)  -0.873459 -0.48675
 Sun (10)  5.61115e-06 0.000163244
 Earth (399)  -0.870383 -0.492229
 Sun (10)  5.60182e-06 0.000163279
 Earth (399)  -0.867272 -0.497687
 Sun (10)  5.59238e-06 0.000163314
 Earth (399)  -0.864127 -0.503127
 Sun (10)  5.58284e-06 0.000163349
 Earth (399)  -0.860948 -0.508546
 Sun (10)  5.5732e-06 0.000163384
 Earth (399)  -0.857734 -0.513945
 Sun (10)  5.56346e-06 0.000163419
 Earth (399)  -0.854487 -0.519324
 Sun (10)  5.55362e-06 0.000163454
 Earth (399)  -0.851206 -0.524683
 Sun (10)  5.54368e-06 0.000163489
 Earth (399)  -0.847892 -0.530021
 Sun (10)  5.53363e-06 0.000163524
 Earth (399)  -0.844544 -0.535338
 Sun (10)  5.52349e-06 0.000163558
 Earth (399)  -0.841163 -0.540633
 Sun (10)  5.51324e-06 0.000163593
 Earth (399)  -0.837748 -0.545908
 Sun (10)  5.5029e-06 0.000163628
 Earth (399)  -0.834301 -0.55116
 Sun (10)  5.49246e-06 0.000163662
 Earth (399)  -0.83082 -0.556391
 Sun (10)  5.48192e-06 0.000163697
 Earth (399)  -0.827307 -0.561601
 Sun (10)  5.47128e-06 0.000163731
 Earth (399)  -0.823761 -0.566787
 Sun (10)  5.46055e-06 0.000163765
 Earth (399)  -0.820183 -0.571952
 Sun (10)  5.44972e-06 0.0001638
 Earth (399)  -0.816572 -0.577094
 Sun (10)  5.43879e-06 0.000163834
 Earth (399)  -0.812929 -0.582213
 Sun (10)  5.42776e-06 0.000163868
 Earth (399)  -0.809254 -0.587309
 Sun (10)  5.41664e-06 0.000163902
 Earth (399)  -0.805547 -0.592382
 Sun (10)  5.40542e-06 0.000163936
 Earth (399)  -0.801808 -0.597432
 Sun (10)  5.39411e-06 0.00016397
 Earth (399)  -0.798037 -0.602458
 Sun (10)  5.38271e-06 0.000164004
 Earth (399)  -0.794235 -0.60746
 Sun (10)  5.37121e-06 0.000164038
 Earth (399)  -0.790402 -0.612438
 Sun (10)  5.35961e-06 0.000164071
 Earth (399)  -0.786537 -0.617392
 Sun (10)  5.34792e-06 0.000164105
 Earth (399)  -0.782641 -0.622322
 Sun (10)  5.33614e-06 0.000164139
 Earth (399)  -0.778715 -0.627227
 Sun (10)  5.32427e-06 0.000164172
 Earth (399)  -0.774758 -0.632107
 Sun (10)  5.31231e-06 0.000164206
 Earth (399)  -0.77077 -0.636962
 Sun (10)  5.30025e-06 0.000164239
 Earth (399)  -0.766751 -0.641792
 Sun (10)  5.28811e-06 0.000164272
 Earth (399)  -0.762703 -0.646597
 Sun (10)  5.27587e-06 0.000164305
 Earth (399)  -0.758624 -0.651377
 Sun (10)  5.26355e-06 0.000164338
 Earth (399)  -0.754515 -0.65613
 Sun (10)  5.25113e-06 0.000164371
 Earth (399)  -0.750377 -0.660858
 Sun (10)  5.23863e-06 0.000164404
 Earth (399)  -0.746209 -0.665559
 Sun (10)  5.22603e-06 0.000164437
 Earth (399)  -0.742012 -0.670235
 Sun (10)  5.21335e-06 0.00016447
 Earth (399)  -0.737785 -0.674884
 Sun (10)  5.20059e-06 0.000164503
 Earth (399)  -0.733529 -0.679506
 Sun (10)  5.18773e-06 0.000164535
 Earth (399)  -0.729244 -0.684101
 Sun (10)  5.17479e-06 0.000164568
 Earth (399)  -0.72493 -0.688669
 Sun (10)  5.16176e-06 0.000164601
 Earth (399)  -0.720588 -0.693211
 Sun (10)  5.14865e-06 0.000164633
 Earth (399)  -0.716217 -0.697724
 Sun (10)  5.13545e-06 0.000164665
 Earth (399)  -0.711818 -0.702211
 Sun (10)  5.12217e-06 0.000164697
 Earth (399)  -0.707391 -0.706669
 Sun (10)  5.10881e-06 0.00016473
 Earth (399)  -0.702936 -0.7111
 Sun (10)  5.09536e-06 0.000164762
 Earth (399)  -0.698453 -0.715502
 Sun (10)  5.08183e-06 0.000164794
 Earth (399)  -0.693943 -0.719876
 Sun (10)  5.06822e-06 0.000164825
 Earth (399)  -0.689405 -0.724222
 Sun (10)  5.05452e-06 0.000164857
 Earth (399)  -0.68484 -0.72854
 Sun (10)  5.04074e-06 0.000164889
 Earth (399)  -0.680248 -0.732828
 Sun (10)  5.02689e-06 0.000164921
 Earth (399)  -0.675629 -0.737088
 Sun (10)  5.01295e-06 0.000164952
 Earth (399)  -0.670984 -0.741318
 Sun (10)  4.99894e-06 0.000164984
 Earth (399)  -0.666312 -0.745519
 Sun (10)  4.98484e-06 0.000165015
 Earth (399)  -0.661613 -0.749691
 Sun (10)  4.97067e-06 0.000165046
 Earth (399)  -0.656889 -0.753833
 Sun (10)  4.95642e-06 0.000165077
 Earth (399)  -0.652139 -0.757945
 Sun (10)  4.94209e-06 0.000165109
 Earth (399)  -0.647363 -0.762028
 Sun (10)  4.92768e-06 0.00016514
 Earth (399)  -0.642561 -0.76608
 Sun (10)  4.9132e-06 0.00016517
 Earth (399)  -0.637734 -0.770102
 Sun (10)  4.89864e-06 0.000165201
 Earth (399)  -0.632882 -0.774094
 Sun (10)  4.88401e-06 0.000165232
 Earth (399)  -0.628004 -0.778055
 Sun (10)  4.86931e-06 0.000165263
 Earth (399)  -0.623102 -0.781985
 Sun (10)  4.85453e-06 0.000165293
 Earth (399)  -0.618176 -0.785885
 Sun (10)  4.83967e-06 0.000165324
 Earth (399)  -0.613225 -0.789753
 Sun (10)  4.82475e-06 0.000165354
 Earth (399)  -0.60825 -0.793591
 Sun (10)  4.80975e-06 0.000165384
 Earth (399)  -0.60325 -0.797397
 Sun (10)  4.79468e-06 0.000165414
 Earth (399)  -0.598227 -0.801171
 Sun (10)  4.77954e-06 0.000165445
 Earth (399)  -0.593181 -0.804914
 Sun (10)  4.76433e-06 0.000165475
 Earth (399)  -0.588111 -0.808625
 Sun (10)  4.74905e-06 0.000165504
 Earth (399)  -0.583017 -0.812304
 Sun (10)  4.7337e-06 0.000165534
 Earth (399)  -0.577901 -0.815951
 Sun (10)  4.71829e-06 0.000165564
 Earth (399)  -0.572762 -0.819566
 Sun (10)  4.7028e-06 0.000165594
 Earth (399)  -0.5676 -0.823149
 Sun (10)  4.68725e-06 0.000165623
 Earth (399)  -0.562416 -0.826699
 Sun (10)  4.67163e-06 0.000165652
 Earth (399)  -0.55721 -0.830216
 Sun (10)  4.65594e-06 0.000165682
 Earth (399)  -0.551981 -0.8337
 Sun (10)  4.64019e-06 0.000165711
 Earth (399)  -0.546731 -0.837152
 Sun (10)  4.62438e-06 0.00016574
 Earth (399)  -0.54146 -0.840571
 Sun (10)  4.6085e-06 0.000165769
 Earth (399)  -0.536167 -0.843956
 Sun (10)  4.59256e-06 0.000165798
 Earth (399)  -0.530852 -0.847308
 Sun (10)  4.57655e-06 0.000165827
 Earth (399)  -0.525517 -0.850627
 Sun (10)  4.56048e-06 0.000165855
 Earth (399)  -0.520161 -0.853912
 Sun (10)  4.54435e-06 0.000165884
 Earth (399)  -0.514785 -0.857163
 Sun (10)  4.52816e-06 0.000165913
 Earth (399)  -0.509388 -0.860381
 Sun (10)  4.51191e-06 0.000165941
 Earth (399)  -0.503971 -0.863564
 Sun (10)  4.4956e-06 0.000165969
 Earth (399)  -0.498534 -0.866713
 Sun (10)  4.47923e-06 0.000165997
 Earth (399)  -0.493078 -0.869829
 Sun (10)  4.4628e-06 0.000166026
 Earth (399)  -0.487602 -0.872909
 Sun (10)  4.44632e-06 0.000166054
 Earth (399)  -0.482106 -0.875956
 Sun (10)  4.42978e-06 0.000166081
 Earth (399)  -0.476592 -0.878968
 Sun (10)  4.41318e-06 0.000166109
 Earth (399)  -0.471059 -0.881945
 Sun (10)  4.39652e-06 0.000166137
 Earth (399)  -0.465507 -0.884887
 Sun (10)  4.37981e-06 0.000166164
 Earth (399)  -0.459937 -0.887794
 Sun (10)  4.36305e-06 0.000166192
 Earth (399)  -0.454349 -0.890666
 Sun (10)  4.34623e-06 0.000166219
 Earth (399)  -0.448743 -0.893504
 Sun (10)  4.32936e-06 0.000166247
 Earth (399)  -0.443119 -0.896305
 Sun (10)  4.31243e-06 0.000166274
 Earth (399)  -0.437478 -0.899072
 Sun (10)  4.29546e-06 0.000166301
 Earth (399)  -0.431819 -0.901803
 Sun (10)  4.27843e-06 0.000166328
 Earth (399)  -0.426144 -0.904498
 Sun (10)  4.26135e-06 0.000166354
 Earth (399)  -0.420451 -0.907158
 Sun (10)  4.24423e-06 0.000166381
 Earth (399)  -0.414742 -0.909781
 Sun (10)  4.22705e-06 0.000166408
 Earth (399)  -0.409017 -0.912369
 Sun (10)  4.20983e-06 0.000166434
 Earth (399)  -0.403275 -0.914921
 Sun (10)  4.19255e-06 0.000166461
 Earth (399)  -0.397518 -0.917437
 Sun (10)  4.17523e-06 0.000166487
 Earth (399)  -0.391744 -0.919916
 Sun (10)  4.15787e-06 0.000166513
 Earth (399)  -0.385956 -0.922359
 Sun (10)  4.14046e-06 0.000166539
 Earth (399)  -0.380152 -0.924766
 Sun (10)  4.123e-06 0.000166565
 Earth (399)  -0.374333 -0.927136
 Sun (10)  4.1055e-06 0.000166591
 Earth (399)  -0.368499 -0.92947
 Sun (10)  4.08795e-06 0.000166617
 Earth (399)  -0.362651 -0.931767
 Sun (10)  4.07037e-06 0.000166642
 Earth (399)  -0.356788 -0.934027
 Sun (10)  4.05274e-06 0.000166668
 Earth (399)  -0.350912 -0.93625
 Sun (10)  4.03506e-06 0.000166693
 Earth (399)  -0.345021 -0.938437
 Sun (10)  4.01735e-06 0.000166719
 Earth (399)  -0.339117 -0.940586
 Sun (10)  3.9996e-06 0.000166744
 Earth (399)  -0.3332 -0.942698
 Sun (10)  3.98181e-06 0.000166769
 Earth (399)  -0.327269 -0.944773
 Sun (10)  3.96398e-06 0.000166794
 Earth (399)  -0.321325 -0.94681
 Sun (10)  3.94611e-06 0.000166819
 Earth (399)  -0.315369 -0.94881
 Sun (10)  3.9282e-06 0.000166843
 Earth (399)  -0.3094 -0.950773
 Sun (10)  3.91026e-06 0.000166868
 Earth (399)  -0.30342 -0.952698
 Sun (10)  3.89228e-06 0.000166893
 Earth (399)  -0.297427 -0.954586
 Sun (10)  3.87427e-06 0.000166917
 Earth (399)  -0.291422 -0.956436
 Sun (10)  3.85622e-06 0.000166941
 Earth (399)  -0.285406 -0.958248
 Sun (10)  3.83814e-06 0.000166965
 Earth (399)  -0.279378 -0.960022
 Sun (10)  3.82002e-06 0.00016699
 Earth (399)  -0.27334 -0.961759
 Sun (10)  3.80187e-06 0.000167013
 Earth (399)  -0.267291 -0.963457
 Sun (10)  3.78369e-06 0.000167037
 Earth (399)  -0.261231 -0.965117
 Sun (10)  3.76548e-06 0.000167061
 Earth (399)  -0.255161 -0.966739
 Sun (10)  3.74724e-06 0.000167085
 Earth (399)  -0.249081 -0.968324
 Sun (10)  3.72897e-06 0.000167108
 Earth (399)  -0.242991 -0.969869
 Sun (10)  3.71067e-06 0.000167131
 Earth (399)  -0.236891 -0.971377
 Sun (10)  3.69235e-06 0.000167155
 Earth (399)  -0.230782 -0.972846
 Sun (10)  3.67399e-06 0.000167178
 Earth (399)  -0.224664 -0.974277
 Sun (10)  3.65561e-06 0.000167201
 Earth (399)  -0.218537 -0.975669
 Sun (10)  3.6372e-06 0.000167224
 Earth (399)  -0.212402 -0.977023
 Sun (10)  3.61877e-06 0.000167247
 Earth (399)  -0.206258 -0.978338
 Sun (10)  3.60032e-06 0.000167269
 Earth (399)  -0.200105 -0.979615
 Sun (10)  3.58184e-06 0.000167292
 Earth (399)  -0.193945 -0.980853
 Sun (10)  3.56333e-06 0.000167314
 Earth (399)  -0.187778 -0.982052
 Sun (10)  3.54481e-06 0.000167337
 Earth (399)  -0.181603 -0.983212
 Sun (10)  3.52626e-06 0.000167359
 Earth (399)  -0.175421 -0.984334
 Sun (10)  3.50769e-06 0.000167381
 Earth (399)  -0.169231 -0.985417
 Sun (10)  3.48911e-06 0.000167403
 Earth (399)  -0.163036 -0.98646
 Sun (10)  3.4705e-06 0.000167425
 Earth (399)  -0.156833 -0.987465
 Sun (10)  3.45187e-06 0.000167447
 Earth (399)  -0.150625 -0.988431
 Sun (10)  3.43323e-06 0.000167468
 Earth (399)  -0.14441 -0.989358
 Sun (10)  3.41457e-06 0.00016749
 Earth (399)  -0.13819 -0.990246
 Sun (10)  3.39589e-06 0.000167511
 Earth (399)  -0.131965 -0.991094
 Sun (10)  3.3772e-06 0.000167532
 Earth (399)  -0.125734 -0.991904
 Sun (10)  3.35849e-06 0.000167553
 Earth (399)  -0.119498 -0.992674
 Sun (10)  3.33977e-06 0.000167575
 Earth (399)  -0.113258 -0.993405
 Sun (10)  3.32104e-06 0.000167595
 Earth (399)  -0.107013 -0.994097
 Sun (10)  3.30229e-06 0.000167616
 Earth (399)  -0.100764 -0.99475
 Sun (10)  3.28353e-06 0.000167637
 Earth (399)  -0.0945105 -0.995363
 Sun (10)  3.26476e-06 0.000167658
 Earth (399)  -0.0882537 -0.995938
 Sun (10)  3.24598e-06 0.000167678
 Earth (399)  -0.0819933 -0.996472
 Sun (10)  3.22719e-06 0.000167698
 Earth (399)  -0.0757297 -0.996968
 Sun (10)  3.20839e-06 0.000167719
 Earth (399)  -0.0694632 -0.997424
 Sun (10)  3.18958e-06 0.000167739
 Earth (399)  -0.0631939 -0.997841
 Sun (10)  3.17077e-06 0.000167759
 Earth (399)  -0.056922 -0.998218
 Sun (10)  3.15194e-06 0.000167778
 Earth (399)  -0.050648 -0.998556
 Sun (10)  3.13312e-06 0.000167798
 Earth (399)  -0.0443719 -0.998854
 Sun (10)  3.11428e-06 0.000167818
 Earth (399)  -0.0380941 -0.999113
 Sun (10)  3.09544e-06 0.000167837
 Earth (399)  -0.0318148 -0.999333
 Sun (10)  3.0766e-06 0.000167857
 Earth (399)  -0.0255342 -0.999513
 Sun (10)  3.05776e-06 0.000167876
 Earth (399)  -0.0192527 -0.999654
 Sun (10)  3.03891e-06 0.000167895
 Earth (399)  -0.0129703 -0.999755
 Sun (10)  3.02006e-06 0.000167914
 Earth (399)  -0.00668746 -0.999817
 Sun (10)  3.00121e-06 0.000167933
 Earth (399)  -0.000404347 -0.999839
 Sun (10)  2.98236e-06 0.000167952
 Earth (399)  0.00587878 -0.999822
 Sun (10)  2.96351e-06 0.000167971
 Earth (399)  0.0121617 -0.999765
 Sun (10)  2.94467e-06 0.000167989
 Earth (399)  0.0184441 -0.999669
 Sun (10)  2.92582e-06 0.000168008
 Earth (399)  0.0247258 -0.999533
 Sun (10)  2.90698e-06 0.000168026
 Earth (399)  0.0310065 -0.999358
 Sun (10)  2.88814e-06 0.000168044
 Earth (399)  0.037286 -0.999143
 Sun (10)  2.86931e-06 0.000168062
 Earth (399)  0.043564 -0.998889
 Sun (10)  2.85048e-06 0.00016808
 Earth (399)  0.0498403 -0.998596
 Sun (10)  2.83166e-06 0.000168098
 Earth (399)  0.0561146 -0.998263
 Sun (10)  2.81284e-06 0.000168116
 Earth (399)  0.0623868 -0.997891
 Sun (10)  2.79403e-06 0.000168133
 Earth (399)  0.0686564 -0.997479
 Sun (10)  2.77523e-06 0.000168151
 Earth (399)  0.0749234 -0.997028
 Sun (10)  2.75644e-06 0.000168168
 Earth (399)  0.0811873 -0.996537
 Sun (10)  2.73766e-06 0.000168186
 Earth (399)  0.0874481 -0.996007
 Sun (10)  2.71888e-06 0.000168203
 Earth (399)  0.0937055 -0.995438
 Sun (10)  2.70012e-06 0.00016822
 Earth (399)  0.0999591 -0.99483
 Sun (10)  2.68137e-06 0.000168237
 Earth (399)  0.106209 -0.994182
 Sun (10)  2.66264e-06 0.000168253
 Earth (399)  0.112454 -0.993495
 Sun (10)  2.64391e-06 0.00016827
 Earth (399)  0.118695 -0.992769
 Sun (10)  2.6252e-06 0.000168287
 Earth (399)  0.124932 -0.992003
 Sun (10)  2.60651e-06 0.000168303
 Earth (399)  0.131163 -0.991199
 Sun (10)  2.58783e-06 0.000168319
 Earth (399)  0.137389 -0.990355
 Sun (10)  2.56917e-06 0.000168336
 Earth (399)  0.14361 -0.989472
 Sun (10)  2.55052e-06 0.000168352
 Earth (399)  0.149825 -0.98855
 Sun (10)  2.5319e-06 0.000168368
 Earth (399)  0.156035 -0.987589
 Sun (10)  2.51329e-06 0.000168383
 Earth (399)  0.162238 -0.98659
 Sun (10)  2.4947e-06 0.000168399
 Earth (399)  0.168434 -0.985551
 Sun (10)  2.47613e-06 0.000168415
 Earth (399)  0.174624 -0.984473
 Sun (10)  2.45758e-06 0.00016843
 Earth (399)  0.180808 -0.983356
 Sun (10)  2.43905e-06 0.000168446
 Earth (399)  0.186984 -0.982201
 Sun (10)  2.42054e-06 0.000168461
 Earth (399)  0.193152 -0.981006
 Sun (10)  2.40206e-06 0.000168476
 Earth (399)  0.199313 -0.979773
 Sun (10)  2.3836e-06 0.000168491
 Earth (399)  0.205466 -0.978502
 Sun (10)  2.36517e-06 0.000168506
 Earth (399)  0.211611 -0.977191
 Sun (10)  2.34676e-06 0.000168521
 Earth (399)  0.217748 -0.975843
 Sun (10)  2.32837e-06 0.000168536
 Earth (399)  0.223876 -0.974455
 Sun (10)  2.31001e-06 0.00016855
 Earth (399)  0.229995 -0.973029
 Sun (10)  2.29168e-06 0.000168565
 Earth (399)  0.236105 -0.971565
 Sun (10)  2.27338e-06 0.000168579
 Earth (399)  0.242206 -0.970062
 Sun (10)  2.25511e-06 0.000168593
 Earth (399)  0.248298 -0.968521
 Sun (10)  2.23686e-06 0.000168607
 Earth (399)  0.254379 -0.966942
 Sun (10)  2.21865e-06 0.000168621
 Earth (399)  0.26045 -0.965324
 Sun (10)  2.20047e-06 0.000168635
 Earth (399)  0.266512 -0.963669
 Sun (10)  2.18231e-06 0.000168649
 Earth (399)  0.272562 -0.961975
 Sun (10)  2.16419e-06 0.000168663
 Earth (399)  0.278602 -0.960244
 Sun (10)  2.14611e-06 0.000168676
 Earth (399)  0.284631 -0.958474
 Sun (10)  2.12805e-06 0.00016869
 Earth (399)  0.290649 -0.956667
 Sun (10)  2.11004e-06 0.000168703
 Earth (399)  0.296655 -0.954822
 Sun (10)  2.09205e-06 0.000168716
 Earth (399)  0.302649 -0.952939
 Sun (10)  2.07411e-06 0.000168729
 Earth (399)  0.308632 -0.951019
 Sun (10)  2.05619e-06 0.000168742
 Earth (399)  0.314602 -0.949061
 Sun (10)  2.03832e-06 0.000168755
 Earth (399)  0.32056 -0.947065
 Sun (10)  2.02048e-06 0.000168768
 Earth (399)  0.326505 -0.945032
 Sun (10)  2.00269e-06 0.00016878
 Earth (399)  0.332437 -0.942962
 Sun (10)  1.98493e-06 0.000168793
 Earth (399)  0.338357 -0.940855
 Sun (10)  1.96721e-06 0.000168805
 Earth (399)  0.344262 -0.93871
 Sun (10)  1.94954e-06 0.000168818
 Earth (399)  0.350155 -0.936529
 Sun (10)  1.9319e-06 0.00016883
 Earth (399)  0.356033 -0.93431
 Sun (10)  1.91431e-06 0.000168842
 Earth (399)  0.361898 -0.932054
 Sun (10)  1.89676e-06 0.000168854
 Earth (399)  0.367748 -0.929762
 Sun (10)  1.87925e-06 0.000168866
 Earth (399)  0.373583 -0.927433
 Sun (10)  1.86179e-06 0.000168877
 Earth (399)  0.379404 -0.925068
 Sun (10)  1.84437e-06 0.000168889
 Earth (399)  0.38521 -0.922665
 Sun (10)  1.827e-06 0.000168901
 Earth (399)  0.391001 -0.920227
 Sun (10)  1.80967e-06 0.000168912
 Earth (399)  0.396776 -0.917752
 Sun (10)  1.79239e-06 0.000168923
 Earth (399)  0.402535 -0.915241
 Sun (10)  1.77516e-06 0.000168935
 Earth (399)  0.408279 -0.912693
 Sun (10)  1.75798e-06 0.000168946
 Earth (399)  0.414007 -0.91011
 Sun (10)  1.74085e-06 0.000168957
 Earth (399)  0.419718 -0.907491
 Sun (10)  1.72376e-06 0.000168968
 Earth (399)  0.425412 -0.904836
 Sun (10)  1.70673e-06 0.000168978
 Earth (399)  0.43109 -0.902145
 Sun (10)  1.68975e-06 0.000168989
 Earth (399)  0.436751 -0.899419
 Sun (10)  1.67282e-06 0.000169
 Earth (399)  0.442395 -0.896657
 Sun (10)  1.65594e-06 0.00016901
 Earth (399)  0.448021 -0.893859
 Sun (10)  1.63911e-06 0.00016902
 Earth (399)  0.453629 -0.891027
 Sun (10)  1.62234e-06 0.000169031
 Earth (399)  0.45922 -0.888159
 Sun (10)  1.60562e-06 0.000169041
 Earth (399)  0.464792 -0.885256
 Sun (10)  1.58896e-06 0.000169051
 Earth (399)  0.470346 -0.882318
 Sun (10)  1.57236e-06 0.000169061
 Earth (399)  0.475882 -0.879345
 Sun (10)  1.55581e-06 0.000169071
 Earth (399)  0.481398 -0.876338
 Sun (10)  1.53931e-06 0.00016908
 Earth (399)  0.486896 -0.873296
 Sun (10)  1.52288e-06 0.00016909
 Earth (399)  0.492374 -0.870219
 Sun (10)  1.5065e-06 0.000169099
 Earth (399)  0.497833 -0.867108
 Sun (10)  1.49018e-06 0.000169109
 Earth (399)  0.503273 -0.863963
 Sun (10)  1.47392e-06 0.000169118
 Earth (399)  0.508692 -0.860784
 Sun (10)  1.45772e-06 0.000169127
 Earth (399)  0.514092 -0.857571
 Sun (10)  1.44159e-06 0.000169136
 Earth (399)  0.519471 -0.854324
 Sun (10)  1.42551e-06 0.000169146
 Earth (399)  0.524829 -0.851043
 Sun (10)  1.4095e-06 0.000169154
 Earth (399)  0.530167 -0.847729
 Sun (10)  1.39355e-06 0.000169163
 Earth (399)  0.535484 -0.844381
 Sun (10)  1.37766e-06 0.000169172
 Earth (399)  0.54078 -0.840999
 Sun (10)  1.36184e-06 0.000169181
 Earth (399)  0.546055 -0.837585
 Sun (10)  1.34608e-06 0.000169189
 Earth (399)  0.551308 -0.834138
 Sun (10)  1.33038e-06 0.000169197
 Earth (399)  0.556539 -0.830657
 Sun (10)  1.31476e-06 0.000169206
 Earth (399)  0.561748 -0.827144
 Sun (10)  1.2992e-06 0.000169214
 Earth (399)  0.566935 -0.823598
 Sun (10)  1.2837e-06 0.000169222
 Earth (399)  0.572099 -0.820019
 Sun (10)  1.26828e-06 0.00016923
 Earth (399)  0.577242 -0.816409
 Sun (10)  1.25292e-06 0.000169238
 Earth (399)  0.582361 -0.812766
 Sun (10)  1.23763e-06 0.000169246
 Earth (399)  0.587457 -0.809091
 Sun (10)  1.22241e-06 0.000169254
 Earth (399)  0.59253 -0.805383
 Sun (10)  1.20726e-06 0.000169261
 Earth (399)  0.59758 -0.801645
 Sun (10)  1.19218e-06 0.000169269
 Earth (399)  0.602606 -0.797874
 Sun (10)  1.17718e-06 0.000169276
 Earth (399)  0.607608 -0.794072
 Sun (10)  1.16224e-06 0.000169284
 Earth (399)  0.612586 -0.790239
 Sun (10)  1.14738e-06 0.000169291
 Earth (399)  0.617541 -0.786374
 Sun (10)  1.13259e-06 0.000169298
 Earth (399)  0.62247 -0.782478
 Sun (10)  1.11787e-06 0.000169305
 Earth (399)  0.627376 -0.778552
 Sun (10)  1.10323e-06 0.000169312
 Earth (399)  0.632256 -0.774594
 Sun (10)  1.08867e-06 0.000169319
 Earth (399)  0.637111 -0.770607
 Sun (10)  1.07418e-06 0.000169326
 Earth (399)  0.641942 -0.766588
 Sun (10)  1.05976e-06 0.000169332
 Earth (399)  0.646747 -0.76254
 Sun (10)  1.04542e-06 0.000169339
 Earth (399)  0.651526 -0.758461
 Sun (10)  1.03116e-06 0.000169346
 Earth (399)  0.65628 -0.754352
 Sun (10)  1.01698e-06 0.000169352
 Earth (399)  0.661008 -0.750214
 Sun (10)  1.00287e-06 0.000169358
 Earth (399)  0.665709 -0.746046
 Sun (10)  9.88846e-07 0.000169365
 Earth (399)  0.670385 -0.741848
 Sun (10)  9.74899e-07 0.000169371
 Earth (399)  0.675034 -0.737622
 Sun (10)  9.61032e-07 0.000169377
 Earth (399)  0.679656 -0.733366
 Sun (10)  9.47246e-07 0.000169383
 Earth (399)  0.684251 -0.729081
 Sun (10)  9.33541e-07 0.000169389
 Earth (399)  0.68882 -0.724767
 Sun (10)  9.19917e-07 0.000169395
 Earth (399)  0.693361 -0.720425
 Sun (10)  9.06375e-07 0.0001694
 Earth (399)  0.697875 -0.716054
 Sun (10)  8.92916e-07 0.000169406
 Earth (399)  0.702361 -0.711655
 Sun (10)  8.7954e-07 0.000169411
 Earth (399)  0.70682 -0.707228
 Sun (10)  8.66248e-07 0.000169417
 Earth (399)  0.711251 -0.702773
 Sun (10)  8.5304e-07 0.000169422
 Earth (399)  0.715653 -0.69829
 Sun (10)  8.39917e-07 0.000169428
 Earth (399)  0.720028 -0.69378
 Sun (10)  8.26879e-07 0.000169433
 Earth (399)  0.724374 -0.689242
 Sun (10)  8.13927e-07 0.000169438
 Earth (399)  0.728691 -0.684677
 Sun (10)  8.01062e-07 0.000169443
 Earth (399)  0.732979 -0.680085
 Sun (10)  7.88283e-07 0.000169448
 Earth (399)  0.737239 -0.675466
 Sun (10)  7.75591e-07 0.000169453
 Earth (399)  0.74147 -0.67082
 Sun (10)  7.62987e-07 0.000169458
 Earth (399)  0.745671 -0.666148
 Sun (10)  7.50472e-07 0.000169463
 Earth (399)  0.749843 -0.66145
 Sun (10)  7.38045e-07 0.000169467
 Earth (399)  0.753985 -0.656726
 Sun (10)  7.25708e-07 0.000169472
 Earth (399)  0.758097 -0.651975
 Sun (10)  7.1346e-07 0.000169476
 Earth (399)  0.76218 -0.647199
 Sun (10)  7.01303e-07 0.000169481
 Earth (399)  0.766232 -0.642397
 Sun (10)  6.89236e-07 0.000169485
 Earth (399)  0.770255 -0.63757
 Sun (10)  6.77261e-07 0.00016949
 Earth (399)  0.774246 -0.632718
 Sun (10)  6.65377e-07 0.000169494
 Earth (399)  0.778208 -0.627841
 Sun (10)  6.53586e-07 0.000169498
 Earth (399)  0.782138 -0.622939
 Sun (10)  6.41887e-07 0.000169502
 Earth (399)  0.786038 -0.618012
 Sun (10)  6.30281e-07 0.000169506
 Earth (399)  0.789906 -0.613061
 Sun (10)  6.18769e-07 0.00016951
 Earth (399)  0.793744 -0.608086
 Sun (10)  6.07351e-07 0.000169514
 Earth (399)  0.79755 -0.603087
 Sun (10)  5.96027e-07 0.000169518
 Earth (399)  0.801324 -0.598064
 Sun (10)  5.84798e-07 0.000169521
 Earth (399)  0.805067 -0.593017
 Sun (10)  5.73665e-07 0.000169525
 Earth (399)  0.808778 -0.587947
 Sun (10)  5.62627e-07 0.000169528
 Earth (399)  0.812458 -0.582854
 Sun (10)  5.51685e-07 0.000169532
 Earth (399)  0.816105 -0.577737
 Sun (10)  5.4084e-07 0.000169535
 Earth (399)  0.81972 -0.572598
 Sun (10)  5.30093e-07 0.000169539
 Earth (399)  0.823302 -0.567436
 Sun (10)  5.19442e-07 0.000169542
 Earth (399)  0.826853 -0.562252
 Sun (10)  5.0889e-07 0.000169545
 Earth (399)  0.83037 -0.557046
 Sun (10)  4.98436e-07 0.000169548
 Earth (399)  0.833855 -0.551817
 Sun (10)  4.88081e-07 0.000169552
 Earth (399)  0.837306 -0.546567
 Sun (10)  4.77825e-07 0.000169555
 Earth (399)  0.840725 -0.541296
 Sun (10)  4.67668e-07 0.000169558
 Earth (399)  0.844111 -0.536002
 Sun (10)  4.57612e-07 0.00016956
 Earth (399)  0.847463 -0.530688
 Sun (10)  4.47656e-07 0.000169563
 Earth (399)  0.850781 -0.525353
 Sun (10)  4.378e-07 0.000169566
 Earth (399)  0.854067 -0.519997
 Sun (10)  4.28046e-07 0.000169569
 Earth (399)  0.857318 -0.51462
 Sun (10)  4.18394e-07 0.000169571
 Earth (399)  0.860535 -0.509223
 Sun (10)  4.08843e-07 0.000169574
 Earth (399)  0.863719 -0.503807
 Sun (10)  3.99394e-07 0.000169577
 Earth (399)  0.866869 -0.49837
 Sun (10)  3.90048e-07 0.000169579
 Earth (399)  0.869984 -0.492913
 Sun (10)  3.80806e-07 0.000169582
 Earth (399)  0.873065 -0.487437
 Sun (10)  3.71666e-07 0.000169584
 Earth (399)  0.876111 -0.481942
 Sun (10)  3.62631e-07 0.000169586
 Earth (399)  0.879123 -0.476428
 Sun (10)  3.53699e-07 0.000169588
 Earth (399)  0.8821 -0.470894
 Sun (10)  3.44872e-07 0.000169591
 Earth (399)  0.885043 -0.465343
 Sun (10)  3.3615e-07 0.000169593
 Earth (399)  0.88795 -0.459773
 Sun (10)  3.27533e-07 0.000169595
 Earth (399)  0.890822 -0.454184
 Sun (10)  3.19021e-07 0.000169597
 Earth (399)  0.89366 -0.448578
 Sun (10)  3.10616e-07 0.000169599
 Earth (399)  0.896461 -0.442954
 Sun (10)  3.02316e-07 0.000169601
 Earth (399)  0.899228 -0.437313
 Sun (10)  2.94123e-07 0.000169603
 Earth (399)  0.901959 -0.431654
 Sun (10)  2.86037e-07 0.000169604
 Earth (399)  0.904654 -0.425979
 Sun (10)  2.78058e-07 0.000169606
 Earth (399)  0.907314 -0.420286
 Sun (10)  2.70186e-07 0.000169608
 Earth (399)  0.909938 -0.414577
 Sun (10)  2.62423e-07 0.00016961
 Earth (399)  0.912526 -0.408852
 Sun (10)  2.54767e-07 0.000169611
 Earth (399)  0.915078 -0.40311
 Sun (10)  2.47219e-07 0.000169613
 Earth (399)  0.917594 -0.397352
 Sun (10)  2.39781e-07 0.000169614
 Earth (399)  0.920073 -0.391579
 Sun (10)  2.32451e-07 0.000169616
 Earth (399)  0.922516 -0.38579
 Sun (10)  2.25231e-07 0.000169617
 Earth (399)  0.924923 -0.379986
 Sun (10)  2.1812e-07 0.000169619
 Earth (399)  0.927293 -0.374167
 Sun (10)  2.11119e-07 0.00016962
 Earth (399)  0.929627 -0.368334
 Sun (10)  2.04228e-07 0.000169621
 Earth (399)  0.931924 -0.362485
 Sun (10)  1.97447e-07 0.000169623
 Earth (399)  0.934184 -0.356623
 Sun (10)  1.90777e-07 0.000169624
 Earth (399)  0.936408 -0.350746
 Sun (10)  1.84218e-07 0.000169625
 Earth (399)  0.938594 -0.344856
 Sun (10)  1.7777e-07 0.000169626
 Earth (399)  0.940743 -0.338951
 Sun (10)  1.71433e-07 0.000169627
 Earth (399)  0.942856 -0.333034
 Sun (10)  1.65209e-07 0.000169628
 Earth (399)  0.94493 -0.327103
 Sun (10)  1.59096e-07 0.000169629
 Earth (399)  0.946968 -0.321159
 Sun (10)  1.53095e-07 0.00016963
 Earth (399)  0.948968 -0.315203
 Sun (10)  1.47206e-07 0.000169631
 Earth (399)  0.950931 -0.309234
 Sun (10)  1.41431e-07 0.000169632
 Earth (399)  0.952856 -0.303253
 Sun (10)  1.35768e-07 0.000169633
 Earth (399)  0.954744 -0.29726
 Sun (10)  1.30218e-07 0.000169634
 Earth (399)  0.956594 -0.291256
 Sun (10)  1.24781e-07 0.000169635
 Earth (399)  0.958406 -0.28524
 Sun (10)  1.19458e-07 0.000169635
 Earth (399)  0.960181 -0.279212
 Sun (10)  1.14249e-07 0.000169636
 Earth (399)  0.961917 -0.273174
 Sun (10)  1.09154e-07 0.000169637
 Earth (399)  0.963615 -0.267124
 Sun (10)  1.04172e-07 0.000169638
 Earth (399)  0.965276 -0.261064
 Sun (10)  9.93055e-08 0.000169638
 Earth (399)  0.966898 -0.254994
 Sun (10)  9.45531e-08 0.000169639
 Earth (399)  0.968482 -0.248914
 Sun (10)  8.99154e-08 0.000169639
 Earth (399)  0.970028 -0.242824
 Sun (10)  8.53926e-08 0.00016964
 Earth (399)  0.971536 -0.236724
 Sun (10)  8.09848e-08 0.00016964
 Earth (399)  0.973005 -0.230615
 Sun (10)  7.66923e-08 0.000169641
 Earth (399)  0.974436 -0.224497
 Sun (10)  7.25151e-08 0.000169641
 Earth (399)  0.975828 -0.21837
 Sun (10)  6.84536e-08 0.000169642
 Earth (399)  0.977182 -0.212234
 Sun (10)  6.45078e-08 0.000169642
 Earth (399)  0.978497 -0.20609
 Sun (10)  6.06778e-08 0.000169643
 Earth (399)  0.979774 -0.199938
 Sun (10)  5.69639e-08 0.000169643
 Earth (399)  0.981012 -0.193778
 Sun (10)  5.33662e-08 0.000169643
 Earth (399)  0.982211 -0.187611
 Sun (10)  4.98849e-08 0.000169644
 Earth (399)  0.983372 -0.181435
 Sun (10)  4.652e-08 0.000169644
 Earth (399)  0.984493 -0.175253
 Sun (10)  4.32717e-08 0.000169644
 Earth (399)  0.985576 -0.169064
 Sun (10)  4.01401e-08 0.000169645
 Earth (399)  0.98662 -0.162868
 Sun (10)  3.71253e-08 0.000169645
 Earth (399)  0.987625 -0.156666
 Sun (10)  3.42276e-08 0.000169645
 Earth (399)  0.988591 -0.150457
 Sun (10)  3.14469e-08 0.000169645
 Earth (399)  0.989518 -0.144243
 Sun (10)  2.87834e-08 0.000169645
 Earth (399)  0.990406 -0.138023
 Sun (10)  2.62372e-08 0.000169646
 Earth (399)  0.991254 -0.131797
 Sun (10)  2.38084e-08 0.000169646
 Earth (399)  0.992064 -0.125566
 Sun (10)  2.14972e-08 0.000169646
 Earth (399)  0.992834 -0.11933
 Sun (10)  1.93034e-08 0.000169646
 Earth (399)  0.993566 -0.11309
 Sun (10)  1.72274e-08 0.000169646
 Earth (399)  0.994258 -0.106845
 Sun (10)  1.52691e-08 0.000169646
 Earth (399)  0.99491 -0.100596
 Sun (10)  1.34287e-08 0.000169646
 Earth (399)  0.995524 -0.0943423
 Sun (10)  1.17062e-08 0.000169646
 Earth (399)  0.996098 -0.0880854
 Sun (10)  1.01016e-08 0.000169646
 Earth (399)  0.996633 -0.081825
 Sun (10)  8.61506e-09 0.000169646
 Earth (399)  0.997128 -0.0755613
 Sun (10)  7.24663e-09 0.000169647
 Earth (399)  0.997584 -0.0692947
 Sun (10)  5.99634e-09 0.000169647
 Earth (399)  0.998001 -0.0630253
 Sun (10)  4.86426e-09 0.000169647
 Earth (399)  0.998379 -0.0567535
 Sun (10)  3.85041e-09 0.000169647
 Earth (399)  0.998717 -0.0504793
 Sun (10)  2.95485e-09 0.000169647
 Earth (399)  0.999015 -0.0442032
 Sun (10)  2.17761e-09 0.000169647
 Earth (399)  0.999274 -0.0379253
 Sun (10)  1.51872e-09 0.000169647
 Earth (399)  0.999494 -0.031646
 Sun (10)  9.78203e-10 0.000169647
 Earth (399)  0.999674 -0.0253653
 Sun (10)  5.56083e-10 0.000169647
 Earth (399)  0.999815 -0.0190837
 Sun (10)  2.52376e-10 0.000169647
 Earth (399)  0.999916 -0.0128013
 Sun (10)  6.70947e-11 0.000169647
 Earth (399)  0.999978 -0.00651838
 Sun (10)  2.45854e-13 0.000169647
 Earth (399)  1 -0.000235204
