 Sun (10)  5.92176e-09 0
 Earth (399)  0.998026 0.0901637
 Sun (10)  2.35898e-08 1.06119e-09
 Earth (399)  0.992137 0.179974
 Sun (10)  5.27196e-08 4.20152e-09
 Earth (399)  0.982427 0.269091
 Sun (10)  9.28584e-08 1.03573e-08
 Earth (399)  0.969047 0.357202
 Sun (10)  1.43416e-07 2.03534e-08
 Earth (399)  0.952195 0.444034
 Sun (10)  2.03697e-07 3.4884e-08
 Earth (399)  0.932101 0.529354
 Sun (10)  2.72941e-07 5.45049e-08
 Earth (399)  0.90902 0.612978
 Sun (10)  3.50354e-07 7.96342e-08
 Earth (399)  0.883215 0.694765
 Sun (10)  4.35139e-07 1.10562e-07
 Earth (399)  0.854954 0.774619
 Sun (10)  5.26517e-07 1.47465e-07
 Earth (399)  0.824494 0.852482
 Sun (10)  6.2375e-07 1.90421e-07
 Earth (399)  0.792083 0.928327
 Sun (10)  7.26145e-07 2.39426e-07
 Earth (399)  0.757952 1.00216
 Sun (10)  8.33065e-07 2.94415e-07
 Earth (399)  0.722312 1.07399
 Sun (10)  9.43931e-07 3.5527e-07
 Earth (399)  0.685356 1.14387
 Sun (10)  1.05822e-06 4.21839e-07
 Earth (399)  0.64726 1.21184
 Sun (10)  1.17547e-06 4.93942e-07
 Earth (399)  0.608178 1.27797
 Sun (10)  1.29525e-06 5.71384e-07
 Earth (399)  0.56825 1.34232
 Sun (10)  1.41721e-06 6.5396e-07
 Earth (399)  0.527597 1.40496
 Sun (10)  1.54102e-06 7.41458e-07
 Earth (399)  0.486327 1.46596
 Sun (10)  1.66639e-06 8.33668e-07
 Earth (399)  0.444537 1.52538
 Sun (10)  1.79307e-06 9.30383e-07
 Earth (399)  0.402309 1.58331
 Sun (10)  1.92085e-06 1.0314e-06
 Earth (399)  0.359717 1.6398
 Sun (10)  2.04952e-06 1.13652e-06
 Earth (399)  0.316825 1.69493
 Sun (10)  2.17893e-06 1.24556e-06
 Earth (399)  0.273689 1.74874
 Sun (10)  2.30893e-06 1.35833e-06
 Earth (399)  0.230358 1.80132
 Sun (10)  2.43938e-06 1.47466e-06
 Earth (399)  0.186875 1.8527
 Sun (10)  2.57017e-06 1.59439e-06
 Earth (399)  0.143278 1.90296
 Sun (10)  2.7012e-06 1.71737e-06
 Earth (399)  0.099599 1.95213
 Sun (10)  2.8324e-06 1.84344e-06
 Earth (399)  0.0558678 2.00027
 Sun (10)  2.96367e-06 1.97246e-06
 Earth (399)  0.0121091 2.04742
 Sun (10)  3.09497e-06 2.10432e-06
 Earth (399)  -0.0316552 2.09364
 Sun (10)  3.22622e-06 2.23887e-06
 Earth (399)  -0.0754059 2.13895
 Sun (10)  3.35738e-06 2.37601e-06
 Earth (399)  -0.119126 2.1834
 Sun (10)  3.4884e-06 2.51562e-06
 Earth (399)  -0.162802 2.22703
 Sun (10)  3.61926e-06 2.6576e-06
 Earth (399)  -0.206419 2.26986
 Sun (10)  3.7499e-06 2.80185e-06
 Earth (399)  -0.249968 2.31194
 Sun (10)  3.88032e-06 2.94828e-06
 Earth (399)  -0.293438 2.3533
 Sun (10)  4.01047e-06 3.09679e-06
 Earth (399)  -0.336822 2.39396
 Sun (10)  4.14033e-06 3.24732e-06
 Earth (399)  -0.380111 2.43395
 Sun (10)  4.2699e-06 3.39977e-06
 Earth (399)  -0.4233 2.47329
 Sun (10)  4.39915e-06 3.55407e-06
 Earth (399)  -0.466383 2.51202
 Sun (10)  4.52807e-06 3.71016e-06
 Earth (399)  -0.509356 2.55015
 Sun (10)  4.65664e-06 3.86797e-06
 Earth (399)  -0.552215 2.58772
 Sun (10)  4.78487e-06 4.02743e-06
 Earth (399)  -0.594955 2.62473
 Sun (10)  4.91273e-06 4.18849e-06
 Earth (399)  -0.637576 2.6612
 Sun (10)  5.04022e-06 4.35108e-06
 Earth (399)  -0.680073 2.69717
 Sun (10)  5.16734e-06 4.51516e-06
 Earth (399)  -0.722446 2.73264
 Sun (10)  5.29408e-06 4.68068e-06
 Earth (399)  -0.764692 2.76763
 Sun (10)  5.42043e-06 4.84757e-06
 Earth (399)  -0.806811 2.80216
 Sun (10)  5.5464e-06 5.01581e-06
 Earth (399)  -0.848802 2.83625
 Sun (10)  5.67199e-06 5.18534e-06
 Earth (399)  -0.890663 2.8699
 Sun (10)  5.79718e-06 5.35612e-06
 Earth (399)  -0.932395 2.90314
 Sun (10)  5.92199e-06 5.52811e-06
 Earth (399)  -0.973996 2.93597
 Sun (10)  6.0464e-06 5.70128e-06
 Earth (399)  -1.01547 2.96841
 Sun (10)  6.17043e-06 5.87559e-06
 Earth (399)  -1.05681 3.00047
 Sun (10)  6.29407e-06 6.051e-06
 Earth (399)  -1.09802 3.03217
 Sun (10)  6.41732e-06 6.22749e-06
 Earth (399)  -1.13911 3.0635
 Sun (10)  6.54018e-06 6.40501e-06
 Earth (399)  -1.18006 3.09449
 Sun (10)  6.66266e-06 6.58354e-06
 Earth (399)  -1.22089 3.12515
 Sun (10)  6.78476e-06 6.76305e-06
 Earth (399)  -1.26159 3.15547
 Sun (10)  6.90647e-06 6.94352e-06
 Earth (399)  -1.30216 3.18548
 Sun (10)  7.02781e-06 7.12491e-06
 Earth (399)  -1.3426 3.21518
 Sun (10)  7.14877e-06 7.30719e-06
 Earth (399)  -1.38292 3.24458
 Sun (10)  7.26936e-06 7.49036e-06
 Earth (399)  -1.42312 3.27369
 Sun (10)  7.38957e-06 7.67438e-06
 Earth (399)  -1.46319 3.30252
 Sun (10)  7.50942e-06 7.85922e-06
 Earth (399)  -1.50314 3.33106
 Sun (10)  7.62891e-06 8.04488e-06
 Earth (399)  -1.54297 3.35934
 Sun (10)  7.74803e-06 8.23132e-06
 Earth (399)  -1.58268 3.38736
 Sun (10)  7.86679e-06 8.41853e-06
 Earth (399)  -1.62226 3.41512
 Sun (10)  7.9852e-06 8.60649e-06
 Earth (399)  -1.66173 3.44263
 Sun (10)  8.10326e-06 8.79518e-06
 Earth (399)  -1.70109 3.4699
 Sun (10)  8.22096e-06 8.98458e-06
 Earth (399)  -1.74032 3.49693
 Sun (10)  8.33833e-06 9.17468e-06
 Earth (399)  -1.77944 3.52372
 Sun (10)  8.45534e-06 9.36546e-06
 Earth (399)  -1.81845 3.5503
 Sun (10)  8.57202e-06 9.55689e-06
 Earth (399)  -1.85734 3.57665
 Sun (10)  8.68837e-06 9.74898e-06
 Earth (399)  -1.89612 3.60278
 Sun (10)  8.80438e-06 9.94169e-06
 Earth (399)  -1.93479 3.62871
 Sun (10)  8.92006e-06 1.0135e-05
 Earth (399)  -1.97335 3.65443
 Sun (10)  9.03541e-06 1.0329e-05
 Earth (399)  -2.0118 3.67994
 Sun (10)  9.15045e-06 1.05235e-05
 Earth (399)  -2.05015 3.70526
 Sun (10)  9.26516e-06 1.07186e-05
 Earth (399)  -2.08839 3.73039
 Sun (10)  9.37955e-06 1.09143e-05
 Earth (399)  -2.12652 3.75533
 Sun (10)  9.49363e-06 1.11105e-05
 Earth (399)  -2.16454 3.78009
 Sun (10)  9.60741e-06 1.13073e-05
 Earth (399)  -2.20247 3.80466
 Sun (10)  9.72087e-06 1.15046e-05
 Earth (399)  -2.24029 3.82906
 Sun (10)  9.83403e-06 1.17024e-05
 Earth (399)  -2.27801 3.85328
 Sun (10)  9.94689e-06 1.19007e-05
 Earth (399)  -2.31563 3.87734
 Sun (10)  1.00595e-05 1.20995e-05
 Earth (399)  -2.35315 3.90123
 Sun (10)  1.01717e-05 1.22989e-05
 Earth (399)  -2.39057 3.92495
 Sun (10)  1.02837e-05 1.24986e-05
 Earth (399)  -2.4279 3.94852
 Sun (10)  1.03954e-05 1.26989e-05
 Earth (399)  -2.46513 3.97193
 Sun (10)  1.05068e-05 1.28996e-05
 Earth (399)  -2.50226 3.99518
 Sun (10)  1.06179e-05 1.31008e-05
 Earth (399)  -2.5393 4.01829
 Sun (10)  1.07287e-05 1.33024e-05
 Earth (399)  -2.57625 4.04125
 Sun (10)  1.08393e-05 1.35045e-05
 Earth (399)  -2.6131 4.06406
 Sun (10)  1.09496e-05 1.3707e-05
 Earth (399)  -2.64986 4.08673
 Sun (10)  1.10596e-05 1.39099e-05
 Earth (399)  -2.68654 4.10926
 Sun (10)  1.11694e-05 1.41132e-05
 Earth (399)  -2.72312 4.13166
 Sun (10)  1.12788e-05 1.43169e-05
 Earth (399)  -2.75961 4.15392
 Sun (10)  1.13881e-05 1.4521e-05
 Earth (399)  -2.79602 4.17604
